111111111111111111111111111111111111111111111111111111111111111111111111111111111111111111111111111111111111111111111111111111111111111111111111111111
100000000000000000000000000000000000000000000000000000000000000000000000000000000000000000000000000000000000000000000000000000000000000000000000000001
100000000000000000000000000000000000000000000000000000000000000000000000000000000000000000000000000000000000000000000000222000000000000000000000000001
100000222220000000000000000000000000000000000000000000000000000000000000000000000000000000000000000000000000000000000000222000000000000000000000000001
100000222220000000000000000000000000000000000000000000000000000000000000000000000000000000000000000000000000000000000000000000000000000000000000000001
100000000000000000000000000000000000000000000000000000000000000000000000000000000000000000000000000000000000000000000000000000000000000000000000000001
100000111111111111111111111111111111111111111000000110000111111111111111111111111111111000000220000001100000111111111111111111111111111111111111000001
100000100000000000000000000000000000000000000000000010000100000000000000000000000000001000000220022201000000000000000000000000000000000000000001000001
100000100000000000000000000000000000000000000000000010000100000000000000022220000000001000000220022201000000000000000000000000000000000000000001000001
100000100000000000000000000000000000000000000000000010000100000000022000022220000000001000000000022201000000000000000001111111111111111111111001000001
100000100000000000000000000000000000000000000000000010000100000000022000022220000000001000000000022201000000000000000001000000000000000000001001000001
100000100000000000000000000000000000000000000000000010000100000000000000022220000000001000000000000001000000000000000001000000000000000000001001000001
100000100000000000000000000000000000000000000000000010000102222220020000000000000000001002200000000001000000000000000001000000000000000000001001000001
100000100000000000000000000000000000000000000000000010000102222220020000000000000000001002200022022201000000000000000001000000000000000000001001000001
100000100000000000000000000000000000002220022020000010000102222220000022020000000000001000000022022201000000000000000001000000000000000000001001000001
100000100000000000000000000000000000002220022000000010000100000000000022020000000000001002200000000001000000000000000001000000000000000000001001000001
100000100000000000000000000000000000002220022000000010000100000000000000000000000000001000000000000001000000000000000001000000000000000000001001000001
100220100000000000000000000000000000002220000000000010000100000000000000000000000000001000000000000001000000000000000001000000220000000000001001000001
100220100000000000000000000000000000000000000000000010000100000000000000000000000000000002222200000001000000000000000001000000220000000022001001000001
100220100002000000000222220000000000000000000000000010000100000222002220000002220000000002222200000001000000000000000001000000220000000000001001000001
100000100000000000000222220000000000000000000000000010000100000222002220220002220000000002222200000001000000000000000001000000220000000000001001000001
100000100002200000000000000000000000000000000000000010000100000222000000220000000000000002222200000001000000000000000001000000220000000022201001000001
100000100002200000000000000000000000000000000000000010000100000222000000000000000000000000000000000001000000000000000001000000220000000022201001000001
100000100002200000000000000000000000000000000000000010000100200000000000220000000000001000000000000001000000000000000001000000220000000022201001000001
100000100000000000000000000000000000000000000000000010000100200000000000000000000000001000000000000001000000000000000001000000000000000022201001000001
100000100000000000000000000000000000000000000000000010000100200000000000000000000000001000000000000001000000000000000001000000000000000022201001000001
100000100002200000000000000000000000000000000000000010000100200000000000222220000000001000000000000001000000000000000001000000000000000022201001000001
100000100002200000000000000000000000000000000000000010000100200000000000222220000000001000000000000001000000000000000000000000000000000000001001000001
100000100002200000000000000000000000000000000000000010000100200000000000000000000000001000000000000001000000000000000000000000000000000000001001000001
100000100000000000000000000000000000000000000000000010000100200000000000000000000000001000000000000001000000000000000000000000000000000000001001000001
100000100000000000000000000000000000000000000000000010000100000000000000000000000000001000000000000001000000000000000000000000000000000000001001000001
100000100000000000000000000000000000000000000000000010000100000000000000000000000000001000000000000001000000000000000000000000000000000000001001000001
100000100000000000000000000000000000000000000000000010000100000000000000000000000000001000000000000001000000000000000001000000000000000000001001000001
100000100000000000000000000000000000000000000000000010000100000000000000000000000000001000000000000001000000000000000001000000000000000000001001000001
100000100000000000000000000000000000000000000000000010000000000000000000000000000000001000000000000001000000000000000001111111111111111111111001000001
100000100111111111111111111111111111000000000000000010000000000000000000000000000000001000000000000001000000000000000000000000000000000000000001000001
400000100100000000000000000000000001000000000000000010000000000000000000000000000000001000000000000001000000000000000000000000000000000000000001000001
400000100100000000000000000000000001000000000000000010000100000000000000000000000000001000000000000001000000000000000000000000000000000000000001000001
400000100100000000000000000000000001000000000000000010000100000000000000000000000000001000000000000001000000000000000000000000000000000000000001000001
400000100100000000000000022200222001000000000000000010000100000000000000000000000000001000000000000001001111111111111110000111000000000000000001000001
400000100100000000000000022200222001000000000000000010000100000000000000000000000000001000000000000001001000000000000000000001000000000000000001000001
100000100100000000000000000000222001000000022002222010000111111111111111111111111111111000000000000001001000000000000000000001000000000000000001000001
100000100100022222220000022000222001000000022002222010000000000000000000000000000000000000000000000001001000000000000000000001020000000022222001000001
100000100100000000000000022000222001000000022002222010000000022022002222220000000000000000000000000001001000000000000000000001020000000000000001000001
100000100100000000000000000000222001000000000002222010000000022022002222220000000000000000000000000001001000000000000000000001020000000000000001000001
100000100100000000000000000000000001000000022000000010000000000022002222220000000000000000000000000001001000000000000000000001020000000000000001000001
100000100100000000000000000000000001002000022000000010000000000000002222220000000000000000000000000001001000000000000000000001000000000000000001000001
100000100100000000000000000000220001002000000000000010000000000000000000000000000000000000000000000001001000000000000002222201000000000000000001000001
100000100100000000000000000000220001002000000000000010000000000000000000000000000000000000000000000001001000000000000000000001000000000000000001000001
100000100100000000022200000000220001002000000000000010000000000000000000000000000000000000000000000001001002222200000000000001000000000000000001000001
100000100100000000022200000000220001002000000000000010000000000000000000000000000000000000000000000001001000000000000000000001000000000000000001000001
100000100100000000022200000000220001002000000000000010022220000002222002202200000000000000000000000001001000000000000000000001000000000000000001000001
100000100100000000022200000000000001002000000000000010022220000002222000002200000000000000000000000001001000000000000000000001000000000000000001000001
100000100100000000000000000000000001000000000000000010000000000002222000000000000000000000000000000001001000000000000222220001000000000000000001000001
100000100100000000000000000000000000000000000000000010000000000002222000000000000000000220000000000001001000000000000000000001000000000000000001000001
100000100100000000020220000000000000000000000000000010000000000002222000000000000000000220000000000001001000000000000000000001000000000000000001000001
100000100100000000020220000000000000000000000000000010000000000002222000000000000000000000000000000001001000000000000000000001000000000000000001000001
100000100100000000000000000000000000000000002000000010000000000000000000000000000000000222002220000001001000000000222220022201022000000000000001000001
100000100100000000000000000000000000000000002000000010000000000000000000000000000000000222002220000001001000000000222220022201022000000000000001000001
100000100000000000000000000000000000000000002000000010000000000000222222000000000000000000002220000001001000000000222220000001022000000000000001000001
100000100000000000000022000000000000000000002000000010000000000000222222000000000000000000002220000001001000000000000000020001022000000000000001000001
100000100000000000000022000000000001000000002000000010000000000000222222000000000000000000000000000001001000022000000000000001022000000000000001000001
100000100100000000000000000000000001000000002000000010000000000000222222000000000000000000000000000001001000022000000000000001000000000000000001000001
100000100100000002220020000000000001000000002000000010000000000000000000000000000000000000000000000001001000022000000000000001000000000000000001000001
100000100100000002220020000000000001000000000000000010002222000000000000000000000000000000000000000001001000022000000000000001000000000000000001000001
100000100100000002220000000000000001000000000000000010002222000000202000000000000000000000000000000001001000022000000000000001000000000000000001000001
100000000100000002220000000000000001000022220022022010000000000000200000000000000000000000000000000001001000000000000000000001000000000000000001000001
100000000100000002220000000000000001000022220022022010000000000000000000000000200000000000000000000001001000000000000000000001000000000000000001000001
100000000100000000000000000000000001000022220022000010000000000000000000000000200000000000000000002201001000000000000000000001000000000000000001000001
100000100100000000000000000000000001000022220000000010000000000000000000000000200000000000000000002201001000000000000000000001000000000222220001000001
100220100111111111111111111111111111000000000000000000000000000000000000000000200000000000000000002201001100011111111111111111000000000222220001000001
100220100000000000000000000000000000000000000000000000000000000000000000000000200000000000000000002201000000000000000000000000000000000000000001000001
100220100000000000000000000000000000000000000000000000000000000000000000000000000000000000000000002201000000000000000000000000000000000000000001000001
100220111111111111111111111111111111111111111111111110000000000000000000000000000000000222220000000001111111111111110001111111111111111111111111000001
100220000000000000000000000000000000000000000000000000000000000000000000000000000000000000000000000000000000000000000000000000000000000000000000000001
100220000000000000000000000000000000000000000000000000000000000000000000000000000000000000000000000000000000000000000000000000000000000000000000000001
100000000000000000000000000000000000000000000000000000000000000000000000000000000000000000000000000000000000000000000000000000000000000000000000000001
100000000000000000000000000000000000000000000000000000000000000000000000000000000000000000000000000000000000000000000000000000000000000000000000000001
100000111111111111111111111111111111111111111111110000000000000000000011111111111111111100001111100001111111111111111111100001111111111111111111000001
100000100000000000000000000000000000000000000000000000000000000000000010000000000000000000000000100001000000000000000000000000000000000000000001000001
100000100000000222220000000000000000000000000000000010000000000000000010000000000000000000000000100001000000000000000000000000000000000000000001000001
100000100000000222220000000000000000000000000000000010000000000000000010000000000000000000000000100001000000000000011111111111111110000111111001000001
100000100000000222220000000000000000000000000000000010000000000000000010000000000000000000000000100001000000000000010000000000000000000000001001000001
100000100222200222220002222200000000000000000222000010000000000000000010000000000000000000000000100001000000000000010000000000000000000000001001000001
100000100222200000000000000000000000022000000222000010000000000000000010000000000000000000202200100001000000000000010000000000000000000000001001000001
100000100222200000000000000000000000000000000222000010000000000000000010000000000000000000000000100001000000000000010000000000000000000000001001000001
100000100222200220000000000000000000000000000000000010000000000000000010000000000000000000000000100001000000000000010000000000000000000000001001000001
100000000222200000000000000000000000022220000000000010000000000020000010000000000000000000002220100001002220000000010000000000000000000000001001000001
100000000000000000000000000000000000022220000200000010000000000000000010000000000000000000002220100001002220000000010000000000000000000000001001000001
100000000000000000000000000000000000022220000200000010000000000022000010000000000000000000002220100001002220000000010000000000000000000000001001000001
100000020222000000000000000000000000000000000000000010000000000000000010000000000000000000000000100001002220000000010000000000000000000000001001000001
100000000222000000000000000000000222222200000200000010000000000000000010000000000000000000000000100001000000000000010000000000000000000000001001000001
100000000000000000000002220000000222222200000000000010000000000022200010000000000000000000000000100001000000000000010000000000000000000000001001000001
100000100000000000000002220000000000000000000000000010000000000022200010000000000000000000000000100001002200000000010000000000000000000000001001000001
100000100000000000000000000000000000000000000000000010000000000022200010000000000000000000000000100001000000000000010000000000000000000000001001000001
100000100200000000000000000000000000000000000000000010000000000000000010000000000000000000000000100001020000000000010000000000000000002200001001000001
100000100200000000000000000000000000000000000000000010000000000000000010000000000000000000000000100001020000000000010000000000000000002200001001000001
100000100200000000000000000000000000000000000000000010000000000000000010000000000000000000000000100001020000000000010220000000000000002200001001000001
100000100200000000000000000000000000000000000000000010000000000000000010000000000000000000000000100001000000000000010220000000000000000000001001000001
100000100200000000000000000000000000000000000000000010000000000000000010000000000000000000000000100001000000000000010220000000000000000000001001000001
100000100000000000000000000000000000000000000000000010000000000000000010000000000000000000000000100001000000000000010000000000000200002022001001000001
100000100000000000000000222220000000000202200000000010000000000000000010000000000000000000000000100001000000000000010000000000000200002022001001000001
100000100000000000000000222220000000000202200000000010000000000000000010000000000000000000000000100001000222200220010222000000000200000000001001000001
100000100000000000000000222220000000000000000222022010000000000000000010000020022220000000000000100001000222200220010222000000000200000000001001000001
100000100000000000000000222220000000000000000222022010022220000000000010000020022220000000000000100001000222200220010222000000000200000000001001000001
100000100000000000000000000000000000000222200000000010000000000000000000000000022220000000000000100001000222200000010222000000000000000000001001000001
100000100000000000000000000000000000000222200000000010000000000000000000000000000000000000000000100001000222200000010000000000000000000000001001000001
100000100000000000000000220000000000000222200222000010000000000000000000000000222222002202000000100001000000000000010000000000000000002220001001000001
100000100000000000000000000000000000000222200222000010000000000000000000000000222222000000000000100001000000000000011111111111111111102220011001000001
100000100000000000000000000002222200000000000222000010000000000000000000000000222222000000000000100001000000000000000000000000000000002220000001000001
100000100000000000000000000000000000000000000000000010000000000000000010000000222222000000000000100001000000000000000000000000000000002220000001000001
100000100000000000000000000000000000000000000000000010000000000000000010000000000000000000000000100001000000000000000000000000000000000000000001020001
100000100000000000000001111111111111111111111110000010000000000000000011111111111111111111111111100001000000000000000000000000000000000000000001020001
100000100000000000000001000000000000000000000000000010000000000000000000000000000000000000000000000001001111111000011111111111111000002220200001020001
100000100000000000000001000000000000000000000002010010000000000000200000000000000000000000000000000001001000000000000000000000001000002220000001020001
100000100000000000000001000000000000000000000002010010000000000000200000000000000000000000000000000001001000000000000000000000001000000000220001020001
100000100000000000000001000000000000000000000002010010000000000000200000000000000000000000000000000001001000000000000000000000001000000000220001000001
100000100220022222200001000000000000000000000002010010000111111110200011111111111100000000000000000001001000000000000000000000001000000000220001000001
100000100220022222200001000000000020000000000002010010000100000000000000000000000100000000000000000001001000000000000000000000001000000000220001000001
100000100220022222200001000000000020000000000002010010000100000000000000000000000100000000000000000001001000000000000000000000001000000000220001000001
100000100000000000000001000000000020000000000002010010000100000000000000000000000100222220000000000001001000000000000000000000001000000000000001000001
100000100200000000000001000000000000000000000000010010000100000000000000000000000100000000000000000001001000000000000000000000001000000000000001000001
100000100000000000000001000000000000000000000000010010000100000000000000000000000100000000000000000001001000000000000002200000001000000000000001000001
100000100000000000000001000000000000000000000000010010000100000000000000000000000100000000000000000001001000000000000002200000001000000000000001000001
100000100000000222200001000000000000000000000000010010000100200000000000000000000100000000000000000001001000000000000002200000001000000000000001000001
100000100000000000000001000000000000000000000000010010000100200000000000000000000100000000000000000001001002220000000002200000001000000000000001000001
100000100000000000000001000000000000000000000000010010000100200000000000000000000100000000000000000001001002220000000002200000001000000000000001000001
102220100000000000000001000000000000000000000000010010000100200000000000000000000100000000000000000001001000000000000000000000001000000000000001000001
102220100000000000000001000000000000000000000000010010000100000220000000000000000100000000000000000001001000000000000000000000001000000000000001000001
102220100000000000000001000000000000000000000000010010000100000220000000000000000100000000000000000001001000000000000000000000001000000000000001000001
100000100022000000000001000000000000000000000000010010000100000000000000000000000100000002222000000001001000000000000000000000001000000000000001000001
100000100022000000000000000000000222002020000000010010000100000220000000000000000100000002222000000001001000000000000000000000001000000000000001000001
102200100000000000000000000000000222002000000000010010000100000220000000000000000100000002222000000001001000000000000000000000001000000000000001000001
102200100022200000000000000000000222000020000000010010000100000220000000000000000100000000000000000001001000000000000000000000001000000000000001000001
102200100022200000000000000000000222000020000000010010000100000000000000000000000100000000000000000001001000000000000000000000001000000000000001000001
100000100000000000022222000000000000000020000000010010000100000000000000000000000100000002000000000001001000000000000000000000000000000000000001000001
100000100000000000000000000000000000000020000000010010000100000222000000000000000100000002000000000001001000000000000000000000000000000000000001000001
100000100022000000000001000000000000000000000000010010000100000222000000000000000000000000000000000001001000000000000000000000000000000000000001000001
100000100022000000000001000000000000000000000000010010000100000222000000000000000000000002200000000001001000000000000000000000000000000000000001000001
100000100022000000000001000000000000000000000000010010000100000222000000000000000000000002200000000001001000000000000000000000001000000000000001000001
100000100000000000000001111111111111111111111111110010000100000000000000000000000100000000000000000001001111111111111111111111111000000000000001000001
100000100000000000000000000000000000000000000000000010000100000000000000000000000100000000000000000001000000000000000000000000000000000000000001000001
100000100000000000000000000000000000000000000000000010000100000000000000000000000100000000000000000201000000000000000000000000000000000000000001000001
100000111111111111111111111111111111110000111111111110000111111111111111111111111100000000000000000201111111111100000111111111111111111111111111000001
100000000000000000000000000000000000000000000000000000000000000000000000000000000000000000000000000200000000000000000000000000000000000000000000000001
100000000000000000000000000000000000000000000000000000000000000000000000000000000000000000000000000000000000000000000000000000000000000000000000000001
100000000000000000000000000000000000000000000000000000000000000000000000000000000000000000000000000000000000000000000000000000000000000000000000000001
400000000000000000000000000000000000000000000000000000000000000000000000222220000000000000000000000000000000000000000000000000000000000000000000000001
400000000000000000000000000000000000000000000000000000000000000000000000000000000000000000000000000000000000000000000000000000000000000000000000000001
441111111111111111111111111111111111111111111111111111111111111111111111111111111444441111111111111111111111111111111111111111111111111111111111111111
