111111111111111111111111111111111111111111111111111111111111111111111111111111111111111111111111111111111111111111111111111111111111111111111111111111
100000000003000000000003000000000000000000000000003000000030000000000000000000000000000000000000000000030000000000000000300000000000000000000000000001
130000000000000000000000000000000030000000000000000000000000000000003000000000030000000000000000000000000000000000000000222000000000000000000000000001
100000222220000000000000000000000000000000000000000000000000000000000000000000000000000000000000000000000000000000300000222000000000000000000000000301
100000222220000000000000000000000000000000000000000000000000000000000000000000000000000000000000000000000000000000000000000000000000000000030000000001
100000000000000000000000000000000000000000000000000000000000000000000000000000000000000000000000000000000000000000000000000000000000000000000000000001
100000111111111111111111111111111111111111111000000110000111111111111111111111111111111003000220000001100000111111111111111111111111111111111111000001
100000100000000000030000000000000000003000000000000010000100000000000000000000000000001000000220022201000000003000000000000003000000000000000001000001
100000100000000000000000000000300000000000000030000010003100000000000000022220000000001000000220022201000000000000000000000000000000003000000001000001
130000100000000000000000000000000000000000000000000010000100000000022000022220000000001000000000022201000000000000000001111111111111111111111001000001
100000100000000000000000000000000000000000000000000010000100000000022000022220000000001000000000022201000000000000000001000000000000000000001001000001
100000100000000000000000000000000000000000000000000010000100000000300000022220000000301000000000000001000000000000000001000000000000000000001001000001
100000100000000000000000000000000000000000000000000010000102222220020000000000000000001002200000030001000000000000000001000000000000000000001001000001
100000100000000000000000000000000030000000000000000010000102222220020000000000000000001002200022022201000000000000000031000000000000000000001001000301
100003100000000030000000003000000000002220022020000010000102222220000022020000000000001000000022022201030000000000000001000000000000000000001001000001
100000100000000000000000000000000000002220022000000010000100000000000022020000300000001002200000000001000000000000000001000000300000000030001001000001
100000100000000000000000000000000000002220022000003010000100000000000000000000000000001000030000000001000000000000000001000000000000000000001001000001
100220100000000000000000000000000000002220000000000010000100000000000030000000000000301000000000000001000000000000000001000000220000000000001001000001
100220100000000000000000000000000000000003000000000010000100300000000000000000000000000002222200000001000000000000000001000000220000000022001031000001
100220100002000000000222220000030000000000000000000010000100000222002220000002220000000002222200000001000000000000000001000000220000000000001001000001
100000100000000000000222220000000000000000000000000010000100000222002220220002220000000002222200000001000000000000000001000000220030000000001001000001
100000100002200000000003000000000000000000000000000010300100000222000000220000000000000002222200000001000000000000000001000000220000000022201001000001
100000100302200000000000000000000000000000000000000010000100000222000000000000000000000000000000030001000000000000300001000000220000000022201001000001
100000100002200000000000000000000000000000000000000010000100200000000000220000000000001000000000000001000300000000000001300000220000000022201001000001
100000100000000000000000000000000000000000000000000010000100200000000000000000000030001000000000000001000000000000000001000000030000000022201001000001
100000100000000000000000000000000000000000000000300010000100200003000000030000000000001000000000000001000000000000000001000000000000000022201001000001
100000100002200000000000000000000000000000000000000010000100200000000000222220000000001000000000000001000000000000000001000000000000000022201001000001
100000100002200000000000000000000000000000000000000010000100200000000000222220000000001000000000000001000000000030000000000000000000000000001001000001
100030100002200000300000000000000000000000000000000010000100200000000000000000000000001000030000000001000000000000000000000000000000000000001001000031
100000100003000000000000000000000000000300000000000010000103200000000000000000000000001000000000000001000000000000000000000000000000000030001001000001
100000100000000000000000000000000000000000000000000010000100000000000000000000000000001000000000300001000000000000000000000000000000000000001001000001
100000100000000000000000000000000000000000000000000010000100000000000000000000000000001000000000000001003000000000000000000000000000000000001001000001
100000100000000000000000300000000000000000000000000010000100000000000000000300000000001000000000000001000000000000000001000000000000000000001001000001
100000100000000000000000000000030000000000000000000010000100000000000000000000000003001000000000000001000000000000000001000300000000000000001001000001
100000100000000000000000000000000000000000000000000010000000000000000000000000000000001000000000000001000000000000000001111111111111111111111001000301
100000100111111111111111111111111111000000000000000010000000000000000000000000000000001000000000000001000000000000000000000000000000000000000001000001
400000100100000000000000000000000001000000000000000010000000000000000000000000000000001000000000000001000000000003000000000000000000000000000001000001
400000100100000000000000000000000001000000000000000010000100000000000300000000000000001000000000030001000030000000000000000000000000000000000001000001
400000100100000300000000000000000001000000000000000010000100000000000000000000000000001000000000000001000000000000000000000000000000000000000001000001
400300100100000000000000022200222001000000000030000010003100000000000000000000000000001000000000000001001111111111111110000111000000000000000001000001
400000100100000000000000022200222001300000000000000010000100000000000000000000300000001000000000000001001000000000000000000001000000000000000001003001
100000100100000000000003000000222001000000022002222010000111111111111111111111111111111000000000000001001000000000000000000301000000000030000001000001
100000100100022222220000022000222001000000022002222310000000000000000000000000000000000000000000000001001000000000000000000001020000000022222001000001
100000100100000000000000022000222001000000022002222010000000022022002222220000000000000003000000000001001000000000000000000001020000000000000001000001
100000100100000000000000000000222001000000000002222010000000022022002222220000000000000000000000000001001000000000000000000001020000000000000001000001
100000100100000000000000000000000001000000022000000010000000000022002222220000000000000000000000000301001000000000000000000001020000000000000001000001
100000103100000000000000000000000001002000022000000010000000000000002222220000000000000000000000000001001000000000030000000001000030000000000001000001
100000100100000000000000000000220001002030000000000010000000000000000000000000000000000000000000000001001030000000000002222201000000000000000301000001
100000100100000300000000000003220001002000000000000010000000000000000000000000000000000000000000000001001000000000000000000001000000000000000001000001
100000100100000000022200000000220001002000000000000010000000000000000000000003000000000000000000000001001002222200000000000001000000000000000001000001
100000100100000000022200000000220001002000000000000010000000000000000000000000000000000000000000000001001000000000000000000001000000000000000001000001
100000100100000000022200000000220001002000000000000010022220000032222002202200000000000000000000003001001000000000000000000001000000000000000001000301
100000100100000000022200000000000001002000000000000310022220000002222000002200000000000000000000000001001000000000000000000001000000000000000001000001
100000100100000000000000000000000001000000000300000010000000000002222000000000000000000000000000000001001000000000000222220001000000000000000001000001
100030100100000000000000000000000030000000000000000010000300000002222000000000000000000220000000000001001000003000000000000001000000000000000001000001
100000100100000000020220000000000000000000000000000010000000000002222000000000000030000220000000000001001000000000000003000001000000000030000001000001
100000100100000000020220000000000000000000000000000010000000000002222000000000000000000000000000000001001000000000000000000001000000000000000001000001
100000100100000000000000000000000000000030002000000010000000000000000003000000000000000222002220000001001000000000222220022201022000000000000001000001
100000100100000003000000000000000000000000002000000010000000000000000000000000000000000222002220000001001000000000222220022201022000000000000001000001
100000100000000000000000000030000000000000002000000010000000000300222222000000000000000030002220000001001000000000222220000001022000000000000001000001
100000100000000000000022000000000000000000002000000010000000000000222222000000000000000000002220000001001000000000000000020001022000000000000001030001
100000100000000000000022000000000001000000002000003010000000000000222222000000000000000000000000000001001000022000000000000001322000003000000001000001
100000100130000000000000000000000001000000002000000010000000000000222222000000000000000000000000000031001000022000000000000001000000000000000001000001
100000100100000002220020000000000001030000002000000010003000000000000000000000000000000000000000000001001000022300000000000001000000000000000001000001
100030100100000002220020000000000001000000000000000010002222000000000000300000000000000000000000000001001000022000000003000001000000000000000001000001
100000100100000002220000000000000001000000000030000010002222000000202000000000000000003000000000000001001000022000000000000001000000000000000001000001
100000000100000002220000000000000001000022220022022010000000000003200000000000000000000000000000000001001000000000000000000001000000000000000001000001
100000000100000002220030000000000001000022220022022010000000000000000000000000200000000000000000000001001000000000000000000001000000000000000001000001
100000000100000000000000000000003001000022220022000010000000000000000000000000200000000000000000002201001300000000000000000001000003000000000001000001
100000100100000000000000000000000001000022220000000010000000000000000000000000200000000000003000002201001000000000000000000001000000000222220001000001
100220100111111111111111111111111111000000000000000000000000000000000000000000200000000000000000002201001100011111111111111111000000000222220001000001
100220100000000000000000000000000000000000000000000000000000000000000000000000200000000000000000002201000000000000030000000000000000000000000001000001
100220103000000000000000000000000000000000000000030000000000000000000003000000000003000000000000002201000000000000000000000000000000000000000001000001
100220111111111111111111111111111111111111111111111110000000000300000000000000000000000222220000000001111111111111110001111111111111111111111111000001
100220000000000000000000000000000000003000000000000000000000000000000000000000000000000000000000000000000000000000000000000000000000000300000003000001
100220000000000000003000000000000000000000000000000000000000000000000000000000000000000000000000030000000000000000000000000000030000000000000000000001
100000000000000000000000000000000000000000000000000000000000000000000000000000000000000003000000000000000000000300000000000000000000000000000000000001
100000000000000000000000000000000000000000000000000000030000000000000000000000000000000000000000000000000000000000000000030000000000000000000000000001
100000111111111111111111111111111111111111111111110000000000000000000011111111111111111100001111100001111111111111111111100001111111111111111111000301
100000100000000000000000000003000000000000000000000000000000000000000010000000300000000000000000100001000000000000000000000000000000000000000001000001
100000100000000222220000000000000000000000000000000010000000000000000010000000000000000000000000100001000000000000000000000000000000000000000001000001
100000100000003222220000000000000000000000000000000010000000000000000010000000000000000000000000100001000000000000011111111111111110000111111001000001
100000100000000222220000000000000000300000000000000010000000000000000310000000000000000000000000100001000300000000010000000000003000000000001001000001
100000100222200222220002222200000000000000000222000010300000000000000010000000000000000000000000100001000000000000010000000000000000000000001001000001
100003100222200000003000000000000000022000000222000010000000000000000010000000000000030000202200100001000000000000010000000000000000000000001001000001
100000100222200000000000000000000000000000000222000010000000030000000010000000000000000000000000100001000000000000010000000000000000000000001001003001
100000100222200220000000000000000000000000000000000010000000000000000010000000000000000000000030100001000000000000010000000000000000000030001001000001
100000000222200000000000000000000000022220000000000010000000000020000010000000000000000000002220100001002220000000010000000000000000000000001001000001
100000000000000000000000000000000000022220000200000010000000000000000010000000000000000000002220100001002220000003010000000000000000000000001001000001
100000000000000000000000000000000000022220000200000010000000000022000010000000000000000000002220100001002220000000010000000000000000000000001001000001
100000020222000000000000030000000000000030000000000010000000000000000010000000000000000000000000100301002220000000010000300000000000000000001001000001
100000000222030000000000000000000222222200000200000010000030000000000010000000000000000000000000100001000000000000010000000000000000000000001001000001
100000000000000000000002220000000222222200000000000010000000000022200010000030000000000000000000100001000000000000010000000000003000000000001301000001
100000100000000000000002220000000000000000000000030010000000000022200010000000000000000000000000100001002200000000010000000000000000000000001001000001
130000100000000000030000000000003000000000000000000010000000000022200010000000000000000000000000100001000000000000010000000000000000000000001001000001
100000100200000000000000000000000000000000000000000010000000000000000010000000000000000000000030100001023000000000010000000000000000002200001001000001
100000100200000000000000000000000000000000000000000010000000000000000010000000000000000000000000100001020000000300010000000000000000002200001001000001
100000100200000000000000000000000000000000000000000010000000000030000010000000000000000000000000100001020000000000010220000000000000002200001001000001
100000100200000000000000000000000000003000000000000010000000000000000010030000000000000000000000100001000000000000010220000000000000030000001001300001
100000100200000000000000000000000000000000000000000010000000000000000010000000000000000000000000100001000000000000010220000000000000000000001001000001
100000100000000000000000000000000000000000000000000010000000000000000010000000000000000300000000100001000000000000010000000000000200002022001001000001
100000100000000000300000222220000000000202200000000310000000000000000010000000000000000000000000100001000000000000010000030000000200002022001001000001
100000100000000000000000222220000000000202200300000010000000000000000010000000000000000000000000100001000222200220010222000000000200000000001001000001
100000103000000000000000222220000000000000000222022010000000000000000010000020022220000000000003100001000222200220010222000000000200000000001001000001
100000100000000000000000222220000000000000000222022010022220000000030010000020022220000000000000100001000222200220013222000000000200000000001001000001
100000100000000000000000000000000003000222200000000010000000000000000000000000022220300000000000100001300222200000010222000000000000000000001001003001
103000100000000000000003000000000000000222200000000010000000000000000000000300000000000000000000100001000222200000010000000000000000000000301001000001
100000100000000000000000220000000000000222200222000010003000000000000000000000222222002202000000100001000000000300010000000000000000002220001001000001
100000100000000000000000000000000000000222200222000010000000000000000000000000222222000000000000100001000000000000011111111111111111102220011001000001
100000100000000000000000000002222200000000000222000010000000000000000000000000222222000000000000100001000000000000000000000000000000002220000001000001
100000100000300000030000000030000000000000300000000010000000000000000010000000222222003000000000100301000000000000000000000000000030002220000001000001
100000100000000000000000000000000030000000000000000010000000000300000010000000000000000000000000100001000000000000000003000000000000000030000001020001
100000100000000000000001111111111111111111111110000010000000000000000311111111111111111111111111100001000000000000000000000000000000000000000001020001
100000100000000000000001000000000000000000000000030010000000000000000000000000000000000000000000000001001111111000011111111111111000002220200001020001
100000100000000000000001000000000000000000000002010010000000000000200000000003000000000000000000000001001030000000000000000000001000002220000001023001
100000100000000000000001000000000000000000000002010010000000000000200000000000000000000003000000000001001000000000000000000000001000000000220001020001
100000100000000000000001003000000000000003000002010010000000000000200000000000000000000000000000000001001000000000000000000000001000000000220001000001
100000100223022222200001000000000000000000000002010010000111111110200011111111111100000000000000000001001000000000000000000000001000000000220001000001
100000100220022222200001000000000020000000000002010010000100000000000000000000000100000000000000000001001000000000300000300000001000300000220001000001
103000100220022222200001000000000320000000000002010010000100000000000000000000000100000000000000003001001000000000000000000000001000000000220001000001
100000100000000000000001000000000020000000000002010010000100000030000000000000000100222220000000000001001000000000000000000000001000000000000001000001
100000100200000000000001000000000000000000000000010010003100000000000000000000000100000000000000000001001000000000000000000000001000000000000001000001
100000100000000000003001000000000000000000000000010010000100000000000003000000000100000000030000000001001000000000000002200003001000000003000001000001
100000100000000000000001000000000000000000000000010010000100000000000000000000000100000000000000000001001003000000000002200000001000000000000001000001
100000100000000222200001000000000000000000000030010010000100200000000000000000000130000000000000000001001000000000000002200000001000000000000001000001
100000100000000000000001000000000000003000000000010010000100200000000000000000000100000000000000000001001002220000000002200000001000000000000001030001
100000100000000030000001000000000000000000000000010010000100200000000000000000000100000000000000000001001002220000000002200000001000000000000001000001
132220100000000000000001000000000000000000000000010010000100200000000000000000000100000000000000000001001000000000000000000000001030000000000001000001
102220100000000000000001003000000000000000000000013010000100000220000000000000000100000000000000000001001000000000000030000000001000000000000001000001
102220103000000000000001000000000000000000030000010010003100000220000000000000000100000000000000000001001000000000000000000000001000000000000001000001
100000100022000000000001000000000000000000000000010010000100000000000000000000000100030002222000000001001000000000000000000030001000000000000001000001
100000100022000000000000000000000222002020000000010010000100000220000000000000000100000002222003000001001000030000000000000000001000000003000001000001
102200100000000000000000000000000222002000000000010010000100000220000000000000000100000002222000000001031000000000000000000000001000000000000001000001
102200100022200000000000000000000222000020000000010010000100000220000000000003000100000000030000000001001000000000000000000000001000000000000001000001
102200100022200000000000000000000222000020000003010010000100000003000000000000000100000000000000000001001000000000000000000000001000000000000001030001
100000100000000000022222000000003000000020000000010010000100000000000000000000000100000002000000000001001000000000000003000000000000000000000001000001
130000100000000000000000000000000000000020000000010010030100000222000000000000000100000002000000000001001000000000000000000000000000000000000001000001
100000100022000000000001000000000000000003000000010010000100000222000000000000000000000000000000000001001000000000000000000000000000000000000001000001
100000100322000000030001000000000000000000000000010010000100000222000000000000000000000002200000000001301000000000000000000000000000000000000001000001
100000100022000000000001000000000000000000000000010010000100030222000000000000000000000002200000000001001000000000000000000000001000000000000001000001
100000100000000000000001111111111111111111111111110010000100000000000300000000000100000000000000000001001111111111111111111111111300000000030001000001
100000100000000000000000000000000000000000000000000010000100000000000000000000003100000003000000000001000000000000300000000000000000000000000001000001
100000100000000000000000000000000000000030000000000010000100000000000000000000000100000000000000000201000000000000000000000000000000000000000001000001
100000111111111111111111111111111111110000111111111110000111111111111111111111111100000000000000000201111111111100000111111111111111111111111111000001
100000000000000000000000300000000000000000000000000000030000000000000000000000000000000000000000000200000000000000000000000000000000000000000000000001
100000000000000000000000000000000300000000000000000000000000000000000000000000000000000000000000000000000000000000000000300000000000000000000000000001
100000000000000000000000000000000000000000000000000000000000003000000000000000000000000000000000000000000000030000000000000000000000000000000000000001
400300000000000003000000000000000000000000000003000000000000000000000000222220000000000000000000000000000000000000000000000000300000000000003000000301
400000000000000000000000000000000000000000000000000000000000000000000003000000000000000300000000000000000000000000000000000000000000030000000000000001
441111111111111111111111111111111111111111111111111111111111111111111111111111111444441111111111111111111111111111111111111111111111111111111111111111
