111111111111111111111111111111111111111111111111111111111111111111111111111111111111111111111111111111111111111111111111111111111111111111111111111111
100003000000000000000300000000000000000000000000000000000000000000030000000000000030000000000000000000000000000000000000000000000300000000030000000001
100000000000000000000000000000000000000000000000000000000000000000000000000000000000000000000000000000000000000300000000222000000000000000000000000001
100000222220300000000000000000000000003000000000003000000000000000000000000000000000000000000000000000000000000000000000222000000000000000000000000001
100000222220000000000000000000000000000000000000000000000000000000000000000000000000000000000000000000000000000000000000000000000000000000000000000301
100000000000000000000000000003000000000000000000000000000000000000000000000000000000000000000000000000000000000000000000000000000000000000000000000001
100000111111111111111111111111111111111111111000000110000111111111111111111111111111111000000220030001100000111111111111111111111111111111111111000001
100000100000000000000000000000000000000000000000000010000100000000000030000000000000001000000220022201000300000000000000000000000000000000000001000001
100300100000000000000000000000000000000000000000000010000100000000000000022220000000001000000220022201000000000000000000000000000000003000000001000001
100000100000030000000000000000000000000000000300000010003100000000022000022220000000001000000000022201000000000000000001111111111111111111111001000001
100000100000000000000000000000000000000000000000000010000100000000022000022220030000001000000000022201000000000000000001000000000000000000001001000001
100000100000000000000300000000000000003000000000000010000100000003000000022220000000001003000000000001000000000000000001003000000000000000001301000001
100000100000000000000000000000000000000000000000000010000102222220020000000000000000001002200000000001000000000000000001000000000000000000001001000001
100000100000000000000000000000000000000000000000000010000102222220020000000000000000001002200022322201000000000000000001000000000000000000001001000001
100000100000000000000000000000000000002220022020000010000102222220000022020000000000001000000022022201000000000300000001000000000000000000001001000001
100000100000000000000000000000300000002220022000000010000100000000000022020000000000001002200000000001000000000000000001000000000000000000001001000001
130000100000000000000000000000000000002220022000000010000100000000000000300000000000001000000000000001000000000000000031000000000000000000001001000001
100220100000000000000000000000000000002220000000000010000100000000000000000000030000001000000000000001000000000000000001000000220000000003001001030001
100220100000000000003000000000000000000000000000000010000100000000000000000000000000000002222200000001000000000000000001000000220000000022001001000001
100220100032000000000222220000000000000030000000000010000100000222032220000002220000000002222200000001000003000000000001000000220030000000001001000001
100000100000000000000222220000000000000000000000000010000100000222002220220002220000000002222200000001000000000000000001000000220000000000001001000001
100000100002200000000000000000000000000000000000003010000100030222000000220000000000000302222200000001000000000000000001000000220000000022201001000001
100000100002200000000000000000000000000000000000000010000100000222000000000000000000000000000000300001300000000000000001000000220000000022201001000001
100003100002200000000000000000000000000000000000000010000100200000000000220000300000001000000000000001000000000000000001000000220000000022201001000001
100000100000003000000000000000000000000000000000000010000100200000000000000000000000001000000000000001000000000000000001000000000000000022201001000001
100000100000000000003000000000000000000000000000000010000100200000000000000000000000001000000000000001000000000000000001000000000000000022201001000001
100000100002200000000000000000300000000000000000000010000100200000000000222220000000001000000000000001000000000000000001000000000000000022201001000031
100000100002200000000000000000000000003000000000000010000100200000000000222220000000001000000000000001000000000000003000000000003000000000001001000001
100000100002200000000000000000000000000000000000000010000100200000000000000000000000001000000000000001000300000000000000000000000000000000001001000001
100000100030000000000000000000000000000000000300000010000100200000000000000000000000001000300000000001000000000000000000000000000000000030001001000001
103000100000000000000000000000000000000000000000000013000100000000000000000000000000001000000000000001000000000000000000000000000000000000001001000001
100000100000000000000300000000000000000000000000000010000100000003000000000000000030001000000000030001000000000000000000000000000000000000001001000001
100000100000000000000000000000000030000000000000000010000100000000000000300000000000001000000000000001000000000000000001000000000000000000001001000001
100000100000000000000000000000000000000030000000000010000100000000000000000000000000001000000000000001000000000000000001000000000000000000001001000001
100000100000000000000000000300000000000000000000000010000000000000000000000000000000001000000000000001000000000000000001111111111111111111111001000001
100000100111111111111111111111111111000000000000000010000000000000000000000000000000001000000000000001000000000000003000000000000030000000000301000001
400000100100000000000000000000000001000000000000000010000000000000000000000000000000031000000000000001000000000000000000000030000000000000000001000001
400000103100000000000000000000000001000000000000000010000100000000000000000000000000001000000000000001000000000000000000000000000000000000000001000001
400000100100000000000000000000000001000000000000000010000100000000000000003000000000001000000000000301000000300000000000000000000000000000000001000001
430000100100000000000000022200222001030000000000000010000100000000000000000000000000001000000000000001001111111111111110000111000000000000000001000031
400000100100000000000300022200222001000000000003000010000100030000000000000000000000001000000000000001001000000000000000000001000000000000000001000001
100000100100000000000000000000222001000000022002222010000111111111111111111111111111111000000000000001001000000000000000000001000000000000000001000001
100000100100022222220000022030222001000000022002222010000000000000000000000000000000003000000000000001001000000000000000000301020000000022222001000001
100000100100000000000000022000222001000000022002222010000000022022002222220000000000000000000003000001001000000000300000000001020000000000000001000001
100000100100000000000000000000222001000000000002222010030000022022002222220000000000000000000000000001001000000000000000000001020000000000000001300001
100000100100000000000000000000000001000000022000000010000000000022032222220000030000000000000000000001001000000000000000000001020000000003000001000001
100000100100000000000000000000000001002000022000000010000000000000002222220000000000000000000000000001001000000000000000000001000000000000000001000001
100300100100000000000000000000220001002000000000000010000000000000000000000000000000000000000000000001001000000000000002222201000000000000000001000001
100000100100000000300000000000220031002000000000000010000000000000000000000000000000000000000000000001001000000000000000000001000000000000000001000001
100000100100000000022200000000220001002000000000030010000000000000000000003000000000000000003000000001031002222200000000000001000000000000000001000001
100000100100000000022200000000220001002000000000000010000000000000000000000000000000000000000000000001001000003000000000000001000000000000000001000031
100000100100000000022200000000220001002000000000000010022220300002222002202200000300000000000000000001001000000000000000000001000000000000000301000001
100000100100000000022200000000000001002000000000000010022220000002222000002200000000000000000000000001001000000000000000000001000000000000000001000001
100000100130000000000000000000000001000000000000000010000000000002222000000000000000000000000000000001001000000000000222223001000000000000000001000001
100000100100000000000000000003000000000000000000000010000000000002222000000000000000000220000000000001001000000000000000000001000000000000000001000001
100000100100000000020223000000000000000030000000000010000000000002222000000000000000000223000000000001001000000000300000000001000000000300000001000001
130000100100000000020220000000000000000000000000000010000000000002222000000000000000000000000000000001001000300000000000000001000000000000000001000001
100000100100000300000000000000000000000000002000000010000000000000000000000000000000000222002220000001001000000000222220022201022000000000000001000001
100000100100000000000000000000000030000000002000000010000000000000000000000000000000000222002220000001001000000000222220022231022000000000000001000001
100000100000000000000000000000000000000000002000000310000000000000222222000000000000000000002220000001001000000000222220000001022000000000000001300001
100000100000000000000022000030000000000000002000000010000000300000222222000000030000000000002220000001001000000000000000020001022300000000000001000001
100000103000000000000022000000000001000000002000000010000000000000222222000000000000000000000000000001001000022030000000000001022000000000000001000001
100000100100000000000000000000000001000000002000000010000000000000222222000000000000000000000000000301001000022000000000000001000000000000000001000001
100000100100000002220020000000000001000000002000000010000000000000003000000000000000000000000000000001001000022000000000000001000000000000000001000001
100000100100000002220020000000000031000000300000000010002222000000000000000000000000000000000000000001001000022000000000000001000000000000000001000001
103000100100000302220000000000000001000000000000000010002222000000202000000000000300000000000000000001001000022000000003000001000000000000000001030001
100000000100000002220000300000000001000022220022022010000000000000200000030000000000000000000000000001001000000000000000000001030000003000000001000001
100000000100000002220000000000000001000022220022022010000000000000000000000000200000000000000000000001001000000000000000000001000000000000003001000001
100000000100000000000000000000000001000022220022000010000000000000000000000000200000000000000000002201001000030000000000000001000000000000000001000001
100000100100000000000000000000000001000022220000000010000300000000000000000000200000000000030000002201001000000000000000000001000000000222220001000001
100220100111111111111111111111111111030000000000000000000000000000000000000000200000000000000000002201001100011111111111111111000000000222220001000001
100220100000000000000000000000000000000000030000000000000000000000000000000000200000300000000000002201000000000000000000000000000000000000000001003001
100220100000000000000000000000000000000000000000000000000000000000000000000000000000000000000000002231000000000000000000000000000000000000000001000001
130220111111111111111111111111111111111111111111111110000000000000000003000000000000000222220000000001111111111111110001111111111111111111111111000001
100220000000000000000000000300000000000000000000300000000000030000000000000000000000000000000000000000000030000000000000000000000000000000000000000001
100220000003000000000000000000000003000000000000000000000000000000000000000000000000000000000000000000000000000000000000000000000000000000000000000001
100000000000000000000000000000000000000000000000000000000000000000000000000000000000000000000000000000000000000000000000000030000000300000000000000001
100000000000000000000000000000000000000000000000000000000000000000000000000000000000000000000000000000000000000000000000000000000000000000000000000001
100000111111111111111111111111111111111111111111110000000000000000000011111111111111111100001111100001111111111111111111100001111111111111111111000001
100000100000000000000000000000000000000000000000000000000000000000000010000000000000000000000000100001000000000000000000000000000000000000000001000301
100000100000000222220000000000000000000000000000000010000000000000000010003000000000000000000000100031000000000000300000000000000000000003000001000001
100000100000000222220000000000000000003000000000003010000000000000000010000000000000000000300000100001000000000000011111111111111110000111111001000001
100030100000000222220000003000000000000000000000000010000000000000000010000000000000000000000000100001000000000000010000000000000000000000001001000001
100000100222200222220002222200000000000000000222000010000000000000000010000000000300000000000000100001000000000000010000000000000000000000001001000001
100000100222200000000000000000000000022000000222000010000300000000000010000000000000000000202200100001000000000000010000000000000000000000001001000001
100000100222203000000000000000000000000000000222000010000000000000030010000000000000000000000000100001000000000000010000000000000000000000001001000001
100000100222200220000000000000000000000000000000000010000000000000000010000000000000000000000000100001000000000000010000000000000000000000001001000001
100000000222200000000000000000000000022220000000000010000000000020000010000000000000000000002220100001002220000000013000000000000000000000001001000001
100000000000000000000000000000000000022220000200000010000000000000000010000000000000000000002220100001002220000000010000003000000000030000001001000001
100000000000000000000000000003000000022220000200000010000000000022000010000000000000000000002220100001002220030000010000000000000000000000001001003001
100000020222000000000000000000000000000000030000000010000000000000000010000000000030000000000000100001002220000000010000000000000000000000001001000001
100000000222000000003000000000000222222200000200000010000000000000000010000000000000000000000000100001003000000000010000000000000000000000001001000001
100000000000000000000002220000000222222200000000000013000000000022200010000000000000000000000000100301000000000000010000000000000000000000001001000001
100000100300000000000002220000000000000000000000000010000000000022200310000000000000000000000000100001002200000000010000000000000000000000301001000001
100000100000000000000000000000000000000000000000000010000000000022200010000000000000000000000000100001000000000000010000000000000000000000001001000001
100000100200000000000000000000000000000000000000000010000000000000000010000030000000000000030000100001020000000000010000000000000000002200001001000001
100000100200000000000000000000000000000000000000000010000000000000000010000000000000000000000000100001020000000000010000300000000000002200001001000031
100000100200000000000000000000000000000000000000000010000000000000000010000000000000000000000000100001020000030000010220000000000300002200001001000001
100000100200000000000000000000000000000000000000000010000000000000000010000000000000000000000000100001000000000000010220000000000000000000001001000001
100000100200000000000000000000000000000000000030000010003000000000000010000000000000000000000000100001000000000000010220000000000000000000001001000001
100300100000000000000000003000000000000000000000000010000000000000000010000000000000000000000000100001000000000000010000000000000200002022001001000001
100000100000000000000000222220000000000202200000000010000000000300000010000000000003000000000000100001000000000000010000000000000200002022001001000001
100000100000000000000000222220000000003202200000000010000000000000000010000000000000000000000000100001300222200220010222000000000200000000001001000001
100000100000000030000000222220000000000000000222022010000000000000000010000020022220000000000000100001000222200220010222000000000203000000001001030001
100000100000000000000000222220000000000000000222022010022220000000000010000023022220000000030000100001000222200220010222300000000200000000001001000001
100000100000000000000000000000000000000222200000000010000000000000000000000000022220000000000000100001000222200000010222000000000000000000001001000001
100000100000000000000000030000000000000222230000000010000000000000000000000000000000000000000000100001000222200000010000000000000000000000001001000001
100000100000000000000000220000000000000222200222000010000000000000000000000000222222002202000000100001000000000000010000000000000000002220001001000001
100000103000000000000000000000000000000222200222000010000000000000000000000000222222000000000000100001000000000030011111111111111111102220011001000001
100000100000000000000000000002222200000000000222000010000300000000300000000000222222000000000000100001000000000000000000000000000000002220000001000001
100000100000000000000000000000030000000000000000000010000000000000000010000000222222000000000000100001000000000000000000000000000000002220000001000001
100000100000000000000000000000000000000000000000000010000000000000000010000030000000000003000000100001000000000000000000000000000000000003000001020001
100000100000000000000001111111111111111111111110030010000000000000000011111111111111111111111111100001000000000000000000030000000000000000000001020001
100000100000000000000001000000000000000000000000000010000000000000000000000000000000000000000000030001001111111000011111111111111000002220200001023001
100000100000000000000001000000000000000030000002010010000000000000200000000000000003000000000000000001001000000000000000000000001000002220000001020001
100300100000000003000001000000000000000000000002010010000000000000200000000000000000000000000000000001001030000000000000000000301000000000220001020001
100000100000000000000001000000000000000000000002010010000003000000200000000000000000000000000000000001001000000000000000000000001000000000220001000001
100000100220022222200001000000000000000000000002010010000111111110200011111111111100000000000000000001001000000000000000000000001000000000220001000001
100000100220022222200001000300000020000000000002010010000100000000000000000000000100000000000000000001001000000000000000000000001000000000220001000001
100000100220322222200001000000000020000000000002310010000100000000000000000300000100000000000000000001001000000000000000000000001000000000220001000001
100000100000000000000001000000000020000000000002010010000100000000003000000000000100222220000000000001001000000000000000000000001000000300000001000001
100000100200000000000001000000000000000003000000010010000100000000000000000000000100000000000000000001001000000000000300000000001300000000000001000001
100000100000000000000001000000000000000000000000010010000100000000000000000000000100000000300000000001001000030000000002200000001000000000000001000001
100000100000000000000001000000030000000000000000010010000100000000000000000000000130000000000000000001001000000000000002200000001000000000000001000301
100000100000000222200001030000000000000000000000010013000100200000000000000000000100000000000000000001001000000000000002200000001000000000000001000001
100000100000000000000001000000000000000000000000010010000100200000000000000000000100000000000000003001001002220000000002200000001000000000000001000001
100000100000003000000001000000000000000000000000010010000100200000000000000000000100000000000000000001001002220000000002200000001000300000000001000001
102220100000000000000001000000000000000000000000010010000100230000000000000000000100000000000000000001001000000000000000000030001000000000000001000001
102220100000000000000001000000000000000000000030010010000100000220000000000000000100000000000000000001001000000000000000000000001000000000000001000001
102220100000000000000001000000000000000000000000010010000100000220000000000000000100000000000000000001001000300000000000000000001000000000000001000001
100030100022000000000001000300000000000030000000010010000100000000000000000300000100000302222000000001001000000000000000000000001000000000030001003001
100000100022000000000000000000000222002020000000010010000100000220000000000000000100000002222000000001001000000000000000000000001000000000000001000001
102200100000000000000000000000000222002000000000010010030100000220000000000000000100000002222000000001001000000000000000000000001000030000000001000001
102200100022200030000000000000000222000020000000010010000100000220000000000000000100000000000003000001001000000000000000000000001000000000000001000001
102200100022200000000000000000000222000020000000010010000100000000300000000000000100000000000000000001001000000000000000000000001000000000000001000001
100000100000000000022222000000000000000020000000010010000100000000000000000000000100000002000000000001001000000000000000000003000000000000000001000001
100000100000000000000000000000000000000020000003010010000103000222000000000000000100000002000000000001001000000000003000000000000000000000000031000001
100000100022000000000001000000000000000000000000010010000100000222000000000000000300000000000000000001001000000000000000000000000000000000000001000001
100003100022300000000001000000000000000000000000010010000100000222000000000000000000000002200000000001001000000000000000000000000000000000000001000301
100000100022000000000301000003000000000300000000010010000100000222000000000000000000000002200000000001001003000000000000000000001000000000000001000001
100000100000000000000001111111111111111111111111110010000100000000000000000000000100000000003000000031001111111111111111111111111000000000000001000001
100000100000000000000000000000000000000000000000000010000100000000000003000000000100000000000000000001000000000000000000000000000000000000000001000001
100000100000000000000000000000000000000000000000000010000100000000000000000000000100000000000000000201000000000000000000000030000000000000000001000001
100300111111111111111111111111111111110000111111111110000111111111111111111111111100000000000000000201111111111100000111111111111111111111111111000001
100000000000000030000000000000000000000000000000000000000000000000000000000000000000000000000000000200000000003000000000000000000000300000000000000001
100000000000000000000000000000000000000000000000000300000003000000000000000000000300000000000000000000000000000000000000000000000000000000000000000001
100000000000000000000000000000000000000000000000000000000000000000000000000000000000000000000000000000000000000000000000000000000000000000000000000001
400000000000000000000000300000000000000000300000000000000000000000000000222220000000000003000003000000003000000000000300000000000000000000003000000001
400000000300000000000000000000030000000000000000000000000000000000000003000000000000000000000000000000000000000000000000000000000000000000000000000001
441111111111111111111111111111111111111111111111111111111111111111111111111111111444441111111111111111111111111111111111111111111111111111111111111111
