111111111111111111111111111111111111111111111111111111111111111111111111111111111111111111111111111111111111111111111111111111111111111111111111111111
100000000000000000000000000000000000000000000000000003000000000000030000000030000000000000000000000000000000030000000000000000000000000000000000000001
100000000000000000000000000030000000000000000000000000000000300000000000000000000300000000000000000000000000000000000000222000000000000000000000000001
100000222220000000000000000000000000000000000300000000000000000000000000000000000000000000000000000000000000000000000000222000300000000000000000000001
100000222220000000000300000000000000000000000000000000000000000000000000000000000000000000000000000000000000000000000000000000000000000003000000000001
103000000000000000000000000000000000000000000000000000000000000000000000000000000000000000030000000000000000000000000003000000000000000000000000000301
100000111111111111111111111111111111111111111000000110000111111111111111111111111111111000000220003001100000111111111111111111111111111111111111000001
100000100003000000000000000000000000000000000000000010000100000000000000000000000000001000000220022201000000000000000000000000000000000000000001000001
100000100000000000000000000000000000000000000000000010000100000000000000322220000000001000000220022201000000000000000000000000000000000000000001000001
100000100000000000000000000000000000000000000000000010030100000000022000022220000000001000000000022201030000030000000001111111111111111111111001000001
100000100000000000000000000000000000300000000000000010000100000000022000022220000000001000000000022201000000000000000001000000000000000000001001000001
100000100000000000000000000000000000000000000000000010000100003000000000022220000300001003000000000001000000000000000001000000000000030000001001000001
100000100000000000000000000000000000000000000000000010000102222220020000000000000000001002200000000001000000000000000001000000000000000000001001000001
100000100000000000000000300000000000000000000000300010000102222220020000000000000000001002200022022201000300000000000001000000000000000000001001000001
100000100000000000000000000000000000002220022020000010000102222220000022020000000000001000000022022201000000000000000001000000000000000000001031000001
100000100000000000000000000000000000002223022000000010000100000000000022020000000000001002200000030001000000000300000001300000000000000000001001000001
100000100000000000000000000000000000002220022000000010000100000000000000000000000000001000000000000001000000000000000001000000000000000000001001000031
100220100000000000000000000000000000002220000000000010000100000000300000000000000000001000000000000001000000000000000001000000220000003000001001000001
103220100000000000000000000000300000000000000000000010000100000000000000000000000000000032222200000001000000000000000001000000220000000022001001000001
100220100002000000000222220000000000000000000000000010000100000222002220000002220000000002222200000001000300000000000001000000220000000000001001000001
100000100000300000000222220000000000000000000003000010000100000222002220220002220000000002222200000001000000000000000001000000220000000000001001000001
100000100002200000000030000000000000000000000000000010030100000222000000220000000000000002222200000301000000000030000001000000220000000022201001000001
100000100002200000000000000000000000000000000000000010000100000222000000000000000000000000000000000001000000000000000001000000220000000022201001000001
100000100002200000000000000000000000300000000000000010000100200000030000220000000000001000000000000001000000000000000001000000220000000022201001000001
100030100000000000000000000003000000000000000000000010000100200000000000300000000030001000000000000001000000000000000001000000000300000022231001000001
100000100000000000000000000000000000000000000000000010000100200000000000000000000000001000000000000001000000000000000001000000000000000022201001000001
100000100002200000000000000000000000000000000000000010000100200000000000222220000000001000000000000001000003000000000001000000000000000022201001000031
100000100002230000000000000000000000000000000000000010000100200000000000222220000000001000000000000001000000000000000000003000000000000000001001000001
100000100002200000003000000000000000000000000000000010000100200000000000000000000000001000000000000001000000000000000000000000000000000000001001000001
100000100000000000000000000000000000000000300000000010000100200000000000000000000000001000003000000001000000000000000000000000000000000000001001000001
100000100000000000000000000000000000000000000000000010000100003000000000000000000000001000000000000001000000000000000000000000000000000000001001000001
100030100000000000000000000000000000000000000000000013000100000000000030000000000000001000000000000001000000000000000000000000000000030000001001300001
100000100000000000000000000000000000000000000000000010000100000000000000000000000000001000000000000301000000000000000001000000000000000000001001000001
100000100000000000000000000000000003000000000000000010000100000000000000000000000000001000000000000001000000300000000001000000000000000000001001000001
100000100000000000000000000000000000000000000000000010000000000000000000000000000000001000000000000001000000000000000001111111111111111111111001000001
100000100111111111111111111111111111000000000000000010000000000000000000000000300000001000000000000001000000000000000000000000000000000000000001000001
400000100100000000000000000300000001000000000000000010000000000000000000000000000000001000000000000001000000000000000000000000030000000000000001000001
400300100100000000030000000000000001000000000000000010000100000000000000000000000000001000000000000001000000000000000000000000000000000000000001000001
400000100100000000000000000000000001000000000030000010300100000000000000000000000000031000000300000001000000000000000300000000000000003000000001000001
400000100100000000000000022200222001000000000000000010000100000000000000000000000000001000000000000001001111111111111110000111000000000000000001000001
400000100100000000000000022200222001000000000000000010000100000030000000030000000000001000000000000001001000000000000000000001000000000000000001030001
100000100130000000000000000000222001000000022002222010000111111111111111111111111111111000000000000001001000030000000000000001000000000000000001000001
100000100100022222220000022000222001000000022002222010000000000000000000000000000000000000000000000001001000000000000000000001020000000022222001000001
100000100100000000000000022000222001000000022002222010000000022022002222220000000000000000000000000001001000000000000000000031020000000000000001000001
100000100100000000000000000000222001000000000002222010000000022022002222220000000000000000000000000001001000000000000000000001020003000000000001000001
100000100100000000000000000000000031000000022000000010000000000022002222220000000030000000000000000001001000000000000000000001020000000000000001000001
100000100100000000000000000000000001002000022000000010000000000000002222220000000000000000000000000001001030000000000300000001000000000000000001000001
100000100100000000000000000000220001002000000300000010000000000000000003000000000000000000000000000001001000000000000002222201000000000000000001000001
103000100100030000000000000003220001002000000000000010000000000000000000000000000000000000000000000001001000000000000000000001000000000000000301000001
100000100100000000022200000000220001002000000000000010000000000000000000000000000000003000000000000001001002222200000000000001000000000000000001000001
100000100100000000022200000000220001002000000000000010000003000000000000000000000000000000000000000001001000000003000000000001000000000000000001000001
100000100100000000022203000000220001002000000000000010022220000002222002202200300000000000000003000001001000000000000000000001030000000000000001000001
100000100100000000022200000000000001002000000000000010022220000002222000002200000000000000000000000001001000000000000000000001000000000000000001000001
100000100100000000000000000000000001000000000000000010000000000002222000000000000000000000000000000001001000000000000222220001000000000000000001000001
100000130100000000000000000000000000000000000000000010000000000002222000000000000000000220000000000001301000030000000000000001000000000000000001000001
100000100100000030020220000000030000000000000000000010000000000002222000000000000000000220000000000001001000000000000000000001000000000000000001000001
100000100100000000020220000000000000000000000000003010000000000002222000000000000000000300000000000001001000000000000000000001000000030000000001000001
100000100100000000000000000000000000000000002000000010000000000000000000000000000000000222002220000001001000000000222220022201022000000000000001003001
100000100100000000000000000000000000000000002000000010000000000000000003000000000000000222002220000001001000000000222220022231022000000000000001000001
100030100000000000000000000000000000000000302000000010000000000000222222000000000000000000002220000001001000000000222220000001022000000000030001000001
100000100000000000000022000000000000000000002000000010000000300000222222000000000000000000002220000001001000000000000000020001022000000000000001000001
100000100000000000000322000000000301000000002000000010000000000000222222000000000300000000000000000001001000022000000000000001022000000000000001000001
100000100100030000000000000000000001000000002000000010000000000000222222000000000000000000000000000001301000022000000000000001000000000000000001000001
100000100100000002220020000000000001000000002000030010000000000000000000000000000000000000000000000001001000022000300000000001000000000000000001000001
100000100100000002220020000000000001000000000000000010002222000000000000000000000000000000000000000001001000022000000000000001000000000000000001000001
100000130100000002220000000000300001000000000000000010002222000000202000000000000000000000000000000001001000022000000000030001000000000000000001000031
100000000100000002220000000000000001000022220022022010000000000000200000000000000000000000030000000001001000000000000000000001000003000000000001000001
130000000100000002223000000000000001000022220022022010000000000000000000000300200000000000000000000001001000000000000000000001000000000000003001000001
100000000100000000000000000000000001000022220022000010000000000030000000000000200000000000000000032201001000000000000000000001000000000000000001000001
100000100100000000000000000000000001000022220000000013000000000000000000000000200000000000000000002201001000000000000000000001000000000222220001000001
100220100111111111111111111111111111000000000000000000000000000000000000000000200000000000000000002201001130011111111111111111000000000222220001000001
100220100000000000000000000000000000000000000000000000000000000000000000000000200000000000000000002201000000000000030000000000000000000000000001000001
100220100000000000000000000000000000000300000000000000000000000000000000000000000003000000000000002201000000000000000000000000000000000000000001000001
100220111111111111111111111111111111111111111111111110000000000000000000300000000000000222220000000001111111111111110001111111111111111111111111000301
100220000000000000000000000000000000000000000003000000000000000000000000000000000000000000000000000000000000000000000000003000000000000000000000000001
100220030000000030000000000030000000000000000000000000000000000000000000000000000000000000000000000000000000003000000000000000000000000300000000000001
100000000000000000000030000000000000000000000000000000000000000000000000000000000000000000003000000000000000000000000000000000000000000000000000000001
100000000000000000000000000000000000000000000000000000000300000000000000000000000000000000000000000000000000000000000000000000000000000000000000000001
100000111111111111111111111111111111111111111111110000000000000000000011111111111111111100001111100001111111111111111111100001111111111111111111000001
100000100000000000000000000000000000000000000000000000000000000000000010000000000000000000000000100001000000000000000000000000000000000000000001000001
100000100000000222220000000000000000300000000000000010000000000000000010000000000030000000000000100001000000000000000000000000030000000000000001300001
100030100003000222220000000000300000000000000000000010000000000000000010003000000000000000000000100001300000000000011111111111111110000111111001000001
100000100000000222220000000000000000000000300000000010000000000003000010000000000000000000000000100001000000000000010000000000000000000000001001000001
100000100222200222220002222200000000000000000222000010000000000000000010000000000000000000000000100001000000000000010000000000000000000003001001000001
100000100222200000000000000000000000022000000222000010000000000000000010000000000000000000202200100001000000000000010000030000000000000000001001000001
100000100222200000030000000000000000000000000222000010000000000000000010000000000000000000000000100001000000000000010000000000000000000000001001000001
100000100222200220000000000000000000000000000000030010000000000000000010000000000000000000000000100001000300000003010000000000000000000000001001000001
100000000222200000000000000030000000022220000000000010000000000020000010003000000000000000002220100001002220000000010000000000000000000000001001000001
100000000000000000000000000000000000022220000200000010000000000000000010000000000000000003002220103001002220000000010000000000000000000000001001300001
100000000000000000000000000000000000022220000200000010000000030022000010000000000000000000002220100001002220000000010000000000000030000000001001000001
103000023222000000000000000000000000000000000000000010000000000000000010000000000000000000000000100001002220000000010000000000000000000000001001000001
100000000222000000000000000000000222222200000200000010000000000000000010000000000000000000000000100001000000000000010000000000000000000000001001000001
100000000000000000000002220000003222222200003000000010000000000022200010000000000003000000000000100001000000000000010000000000000000000000001001000001
100000100000000000000002220000000000000000000000000010000000000022200010000000000000000000000000100001002200000000010000000300000000000000001001000001
100000100000000000000000000000000000000000000000000010000000000022200010000000000000000000000000100001000000000000010000000000000000000000001001000031
100000100200003000003000000000000000003000000000000010000030000000000010000000000000000000000000100001020000000000010000000000000000002200001001000001
100000100200000000000000000000000000000000000000000010000000000000000310000030000000000000000000100001020000000030010000000000000000002200001001000001
100000100200000000000000000000000000000000000000030010000000000000000010000000000000000000000000100001020000000000010220000000000300002200001001000001
100000100200000000000000000000000000000000000000000010000000000000000010000000000300000000300000100001000000000000010220000000000000000000001001000001
100030100200000000000000000000000000000000000000000010000000000000000010000000000000000000000000100031000000000000010220000000000000000000001001000001
100000100000000000000000000000000000000000003000000010000000000000000010000000000000000000000000100001000000000000010000000300000200002022001001000001
100000100000000000000000222220000000000202200000000010000000003000000010000000000000000000000000100001000000000000010000000000000200002322001001000001
100000100003000000000000222220000000000202200000000010000000000000000010000000000000000000000000100001000222200220310222000000000200000000001001000001
100000100000000000000000222220000000300000000222022010030000000000000010000020022220000000000000100001000222200220010222000000000200000000001001030001
100000100000000000000000222220000000000000000222022010022220000000000010300020022220000000000000100001000222200220010222000000000200000000001001000001
100000100000000000000000030000000000000222200000000010000000000000000000000000022220000000000003100001000222200000010222000000000000000000001001000001
100000100000000000000000000000000000000222200003000010000000000000000000000000000000003000000000100001000222200000010000000000000000000000001001000001
100000100000000000000000220000000000000222200222000010000000000300000000000000222222002202000000100001000000000000010000030000000300002220001001000001
130000100000000000000000000000000000000222200222000010000000000000000000000000222222000000000000100001000000000300011111111111111111102220011001000001
100000100000000300000000000002222200000000000222000010000000000000000000000000222222000000000000100001000000000000000000000000000000002220000001000001
100000103000000000000000000000000000000000000000000010000000000000000010000000222222000000030000100031000000000000000000000000000000002220300001000001
100000100000000000003000000000003000000000000000000010000000000000000010000000300000000000000000100001000000000000000000000000000000000000000001020001
100000100000000000000001111111111111111111111110000010000000000000000011111111111111111111111111100001000000000000000000000000000000000000000001020301
100000100000000000000001003000000000003000000000003010000000000000000000000000000000000000000000000001001111111000011111111111111000002220200001020001
100000100000000000000001000000000000000000000002010010000000000000200000000000000000000000000000000001001000000000000000000000001000002220000001020001
100000100000000300000001000000000000000000000002010010000000000000200000000000000000000000000000000001001000000000000030000030001000000000220001020001
100030100000000000000001000000000000000000000002010010000000000000200000000000000000000000000000000001001000000000000000000000001000000000220001000001
100000100220022222200001000000000000000000000002010010000111111113200011111111111100003000000000000001001000000000000000000000001000000000220001000001
100000100220022222200001000000000020000000000002010010000100000000000000000000000100000000000030000001001000000000000000000000001000000030220001000001
100000100220022222200001000000000020000000000002010010000100000000000000000000000100000000000000000001031000000000000000000000001000000000220001000301
100000100000000000000001000000003020000000000002010010000100000000000000000000300100222220000000000001001000000003000000000000001000000000000001000001
100000100200000000000001000000000000000000000300010010000100000000000000000000000100000000000000000001001000000000000000000000001000000000000001000001
100000100000000003000001000000000000000000000000010010000100000000000000000000000100000000000000000001001000000000000002200000001000000000000001000001
100000100000000000000001000030000000000000000000010010000103000000000000000000000100000000000000000001001000000000000002200000001000000000000001000001
100000100030000222200001000000000000000000000000010010000100200000000000000000000100000000000000000001001000000000000002200000001000000000000001000001
100000100000000000000001000000000000000000000000010010000100200000000000000000000100000000000000000001001002220000000002200000001000000000000001000001
100000100000000000000001000000000000000000000000010010000100200000000000000000000100000000000000000001001002220000000002200000001000003000000001030001
132220100000000000000001000000000000000000000000010310000100200000000003000000000100000000000300000001001000000000000003000000001000000000000001000001
102220100000000000000001000000000000000000000000010010000100000220000000000000000100003000000000000031001000000000000000000000001000000000000001000001
102220100000000000000001030000000000000000000000010010000100000220000000000000000100000000000000000001001000000000000000000000031000000000003001000001
100000100022000000000001000000003000000000000000010010000100000000000000000000000100000002222000000001001000000000000000000000001000000000000001000001
100000100022000000000000000000000222002020000000010010000100000220000000000000030100000002222000000001001000003000000000000000001000000000000001000001
102200100000000030000000000000000222002003000000010010000100000220000000000000000100000002222000000001001000000000000000000000001000000000000001000001
102200100022200000000000000000000222000020000000010013000100000220000000000000000100000000000000000001001000000000000000000000001000000000000001000001
102200100022200000000000000000000222000020000000010010000100000000000000030000000100000000000000300001001000000000000000003000001000000300000001000001
103000100000000000022222000000000000000020000000010010000100000300000000000000000100000002000000000001001000000000000000000000000000000000000001000001
100000100000000000000000000000000000000020000000010010000100000222000000000000000100000002000000000001001000000000300000000000000000000000000001000001
100000100022000000000001000000000000000000000000010010000100000222000000000000000000000000000000000001001000000000000000000000000000000000000301000001
100000100022000000000031000000000000000000000000010010000100000222000000000000000000300002200000000001001000000000000000000000000000000000000001000001
100000100022003000000001000000000000000000000000013010000100000222000000000000000000000002200000000001001000000000000000000000001000000000000001000001
100000100000000000000001111111111111111111111111110010000100000000000000000000000100000000000000003001001111111111111111111111111030000000000001000001
100000100000000000000000000000000300000000000000000010000100000000000000000000000100000000000000000001000030000000000000000000000000000000000001000001
100000100000000000000000000000000000000000000000000010000100000000000000300000000100000000000000000201000000000000000000000000000000000000000001000031
100000111111111111111111111111111111110000111111111110000111111111111111111111111100000000000000000201111111111100000111111111111111111111111111000001
100000000000000000000000000000000000000000000300000000000000000000000000000000000000000000000000000200000000000000000000300000000000000000000000000001
100000000300000000030000000000000000000000000000000000000000000000000000000000000000000000000000000000000000000000000000000000000000000000000000000001
100000000000000000000000000000000000000000000000000000000000000000000000000003000000000000000000000000000000000000000000000000000000000000000000000001
403000000000000000000000000000000000000000000000000000000000000000000000222220000000000000000000000000000000000000000000000000000000000000000000000001
400000000000000000000000000000000000003000000000000000300000000030000000000000000000000030000000000003000000300000000000000003000000000000000030000001
441111111111111111111111111111111111111111111111111111111111111111111111111111111444441111111111111111111111111111111111111111111111111111111111111111
