111111111111111111111111111111111111111111111111111111111111111111111111111111111111111111111111111111111111111111111111111111111111111111111111111111
100000000000300000003000000030000000000000000000000000000000000003000000000000000000030000000030000000000000000000000003000000000000000000000000000001
100000000000000000000000000000000000000000300000000000000000000000000000000000000000000000000000000030000000030000000000222000000000000000003000000001
100000222220000000000000000000000000000000000000000000000000000000000000000000000000000000000000000000000000000000000000222000030000003000000000000001
100000222220000000000000000000000000000000000000000000000000000000000000000000000000000000000000000000000000000000000000000000000000000000000000000001
100300000000000000000000000000000003000000000000000000000000000000000000000000030000000000000000000000000000000000000000000000000000000000000000000001
100000111111111111111111111111111111111111111000000110300111111111111111111111111111111000000220000001100000111111111111111111111111111111111111000001
100000100000000000000000000000000000000003000000000010000100000000000000000000000000001000300220022201003000000000000000000000000000000000000001000001
100000100000000000000000000000000000000000000000000010000100000000000000022220000000001000000220022201000000000000000000000000000000000000000001000001
100000100000000300000000000000000000000000000000000010000100000000022000022220000000001000000000022201000000000000030001111111111111111111111001000001
100000100000000000000000000000000000000000000000000010000100000000022300022220000000001000000000022201000000000000000001000300000000000300001001000001
100000100000000000000000000000300000000000000000000010000100000000000000022220000000001000000000000001000000000000000001000000000000000000001031000001
100000100000000000000000000000000000000000000000000010000102222220020000000000000000001002200000000001000000000000000001000000000000000000001001000031
100000100030000000000000000000000000000000000000000010000102222220020000000000300000001302200022022201000000003000000001000000000000000000001001000001
100000100000000000000000000000000000002220022020003010000102222220000022020000000000001000000022022201000000000000000001000000003000000000001001000001
100000100000000000000000000000000000002220022000000010000130000000000022020000000000001002200000000001000000000000000001000000000000000000001001000001
100000100000000000000000000000000000002220022000000010000100000000000000000000000000001000000000000001000300000000000001000000000000000000001001000001
100220100000000000000000000000000000002220000000000010000100000000000000000000000000001000003000000001000000000000000001000000220000000000001001000001
100220100000000000000000000000000000000000000000000010000100000000000000000000000000000002222200000001000000000000000001000000220000000022001001000001
100220100002000000003222220000300000003000000000000010000100000222002220000002220000000002222200000301000000000000000001000000220000000000001001000001
100030100000030000000222220000000000000000000000000010000100000222302220220002220000000002222200000001000000000000000001000000220000000000031001000001
100000100002200000000000000000000000000000000000000010000100000222000000220000000000000002222200000001000000000000003001000000220030000022201001000001
100000100002200000000000000000000000000000003000000010000100000222000000000003000000000000000000000001000000000000000001000000220000000022201001000001
100000100002200000000000000000000000000000000000000010000100200000000000220000000000001000000000000001000000000000000001000000220000000022201001000001
100000100000000000000000000000000000000000000000000010000100230000000000000000000000001000000000000001000000300000000001000000000000000022201001000001
100000100000000000000000000000000000000000000000000010030100200000000000000000000000001300000000003001000000000000000001000000000000000022201001030001
100000100002200000000000000000000030000000000000000010000100200000000000222220000000001000000000000001000000000000000001000000000000000022201001000001
100000100002200000000000000000000000000000000000000010000100200000000000222220000000001000000000000001000000000000000000000000000000000000001001000001
103000100002200000030000000000000000000000000000000010000100200000000000000000000000001000000000000001000000000000000000000000000000000000001001000001
100000100003000000000000000000000000000000000000000010000100200000000000000000000000001000000000000001000000000000030000000300000000000300001001000001
100000100000000000000000000000000000000000000000000010000100000000000000000000000000001000000000000001003000000000000000000000000000000000001001000001
100000100000000000000000000000000000000000000030000010000100000000000000300000000300001000000000000001000000000000000000000000000000000000001001000001
100000100000000000000000000000000000000000000000000010000100000030000000000000000000001000003000000001000000000000000001000000000000000000001001000001
100000100000000000000000000000000000000000000000000010000100000000000000000000000000001000000000000001000000000000000001000000000000000000001001030001
100000103000000000000000000000000000000000000000000010000000000000000000000000000000001000000000000001000000000000000001111111111111111111111001000001
100000100111111111111111111111111111000000000000000013000000000000000000000000000000001000000000000001000000000000000000000030000000000000000001000001
400000100100000000000000000000000001000000000000000010000000000000000000000000000000001000000000000001000300000003000000000000000000000000000001000001
400000100100000000030000000030000031000000000000000010000100000000000000000000000000001000000000000001000000000000000000000000000000000300000001000001
400000100100000000000000000000000001000000000000000010000100000000000000000000000000001000000000000001000000000000000000000000000000000000000001000001
430000100100000000000000022200222001000000000000000010000100300000000000000000000000001000000000000001001111111111111110000111000000000000000001000001
400000100100000000000000022200222001000000000000000010000100000000003000000300000000001000000000000001001000000000000000000001000000000000000001000001
100000100100000000000000000000222001000000022002222010000111111111111111111111111111111000000000000001001000000000000000000001000000000000000001003001
100000100100022222220000022000222001000000022032222010000000000000000000000000000000000000000000000001301000000000000000000031020000000022222001000001
100000130100000000000000022000222001000000022002222010000000022022002222220000000000000300000000000001001000003000000000000001020000000000000001000001
100000100100000000000000000000222001000000000002222010030000022022002222220000003000000000000000000001001000000000000000000001020000000000000001000001
100000100100030000000000003000000001000000022000000010000000000022002222220000000000000000000000000001001000000000000000000001020000000000030001000001
100000100100000000000000000000000001002000022000000010000000000300002222220000000000000000000000000001001000000000000000000001000000000000000001000001
100000100100000000000000000000220001002003000000000010000000000000000000000000000000000000000000000001001000000000300002222201000003000000000001000001
100000100100000000000000000000220001002000000000000010000000000000000000000000000000000000000000000001001000000000000000000001000000000000000001000001
100000100100000000022200000000220031002000000000000010000000000000000000030000000000000000003000000001001302222200000000030001000000000000000001000001
100000100100000000022200000000220001002000000000000010000000000000000000000000000000000000000000000001001000000000000000000001000000000000000001000001
100300100100000000022200000000220001002000000000030010022220000002222002202200000000000000000000000001001000000000000000000001000000000000000001000001
100000100100000000022200000000000001002000000000000010022220000002222000002200000000000000000000000001001000000000000000000001000000000000000001000001
100000100100000000000000003000000001000000000000000010000000000002222000000000003000000000000000000001001000000000000222220001000000000000000001000301
100000100100000000000000000000000000000000003000000010000030000002222000000000000000000220000000000001001000000000000000000001000000000003000001000001
100000100100000000020220000000000000000000000000000010000000000002222000000000000000000220000000000001001000000000000000000001000000000000000001000001
100000100100000000020220000000000000000000000000000010000000000002222000000000000000000000000000000001001000000000000000003001000000000000000001000001
100000100100000003000000000000000000000000002000000010000000000000000000000000000000000222002220000031001000000000222220022201022000000000000001000001
100000100100000000000000000000000000000000002000000010000000000000000000300000000000000222002220000001001000000000222220022201022000000000000001000001
100000100000000000000000000000000000300000002000000010000000000000222222000000000000000300002220000001001000000003222220000001022000000000000001000001
103000103000000000000022000000000000000000002000000310000000000000222222000000000000000000002220000001001000000000000000020001022000300000000001000001
100000100000000000000022000000000001000000002000000010000000000000222222000000000000000000000030000001001000022000000000000001022000000000000001000301
100000100100000000000000000000000001000000002000000010000000000000222222000000000000000000000000000001001000022000000000000001000000000000000001000001
100000100100000002223020000000000001000000002000000010000000000000000000000000000000000000000000000001001000022000000000000001000000000000000001000001
100000100100000002220020000000000001000000000000000010002222000000000000000000030000000000000000000001001000022000000000300001000000000000000001000001
100000100100000002220000000003000001000000000000000010002222300000202030000000000000000000000000000001001000022000000000000001000000000000300001000001
100000000100000002220000000000000001000022220022022010000000000000200000000000000000000000000000000001001300000000000000000001000000000000000001000001
100000000100000002220000000000000001000022220022022010000000000000000000000000200000003000000000000001001000000003000000000001000030000000000001000001
100300000100000030000000000000000001000022220022000010000000000000000000000000200000000000000000002201001000000000000000000001000000000000000001000001
100000100100000000000000000000000001000022220003000010000000000000000000000000200000000000000300002201001000000000000000000001000000000222220001030001
100220100111111111111111111111111111000000000000000000000000000000000000000000200000000000000000002201001100011111111111111111000000000222220001000001
100220100000000000000000000000000000000000000000000000000000000000000000000000200000000000000000002201000003000000000000000000000000003000000001000001
100220100000000000000000000000003000000000000000000000003000000000030000000000000000000000000000002201000000000000000003000000000000000000000001000001
100220111111111111111111111111111111111111111111111110000000000000000000000000000000000222220000000001111111111111110001111111111111111111111111000001
100220000000000000000000000000000000030000000000000000000000000000000000000000000000000000000000000003000000000000000000000000000000000000000000000001
100220000300000000000000000000000000000000000000000000000000000000000000000003000000000000000000000000000000000000000000000000000000000000000000000001
100000000000000000000000000000000000000000000000000000000000000000000000000000000000000000000000000000000000000000000000000000000000000000000000000001
100000000000000000000000000030000000000000000300000000000000000000000000000000000000000000030000000000000000000000000000000000000000030000000000000001
100000111111111111111111111111111111111111111111110000000000000000000011111111111111111100001111100001111111111111111111100001111111111111111111000001
100000100000003000000000000000000000000000000000000000300000000030000010000000000000000000000000100001000000000000000000000000000000000000000031000001
100030100000000222220000000000000000000000000000000010000000000000000010000000000000000000000000100001000000000000000000000000300000000000000001000001
100000100000000222220000000000000000000000000000000010000000000000000010000000000000000000000000100001003000000030011111111111111110000111111001000001
100000100000000222220000000000000000000000000000000010000000000000000010300000000000000000000000100001000000000000010030000000000000000000001001000001
100000100222200222220002222200000000000000000222000010000000300000000010000000003000000000000000100001000000000000010000000000000000000000001001000001
100000100222200000003000000000000000022000030222000010000000000000000010000000000000000000202200100001000000000000010000000000000000000000001001000001
100000100222200000000000000000000000000000000222000010000000000000000010000000000000000000000003100001000000000000010000000000000000000003001001000001
100000100222200220000000000000000000000000000000000010000000000003000010000000000000000000000000100001000000000000010000000000000000000000001001000001
130000000222200000000000000003000000022220000000000010000000000020000010000000000000000000002220100001002220000000010000000000000000000000001001000001
100000000300000000000000000000000000022220000200000010300000000000000010000000000000000000002220100001032220000000010000000000000000000000001001003001
100000000000000000000000000000000000022220000200000010000000000022000010000000000000000000002220100001002220000000013000000000030000000000001001000001
100000020222000300000000000000000000000000000000000010000000000000000013000000000000000000000000100001002220000000010000000000000000000000001001000001
100000000222000000000000000000000222222200300200000010000000000000000010000000000000000000000000103001000000000000010000000000000000000000001001000001
100000000000000000000002220000000222222200000000000010000000030022200010000000000000003000000000100001000000000000010000000000000000000000001001000001
100000100000000000000002220000000000000000000000000010000000000022200010000000000000000000000000100001002200000000010000000000000000000000001031000001
100000100000000000000000000000000000000000000000000010000000000022200010000000000000000000000000100001000000000000010000000000000000000000001001000001
100300100200000000000000000000000000000000000000003010000000000000000010000000000000000000000000100001020000000000010000000003000000002200001001000001
100000100200000000000000000000000000000000000000000010000000000000000010000000300000000000000003100001020000000000010000000000000000002200001001000031
100000100200003000000000000000000000000000000000000010000000000000000010000000000000000000000000100001020030000000010220000000000000032200001001000001
100000100200000000000000000000000000000000000000000010000000000000000010000000000000000000000000100001000000000000013220000000000000000000001001000001
100000100200000000000000000000003000000000000000000010000300000003000010000000000000000000000000100001000000000000010220000000000000000000001001000001
100000100000000000000003000000000000000030000000000010000000000000000010000000000000000000000000100001000000000000010000000000000200002022001001000001
100000100300000000000000222220000000000202200000000010000000000000000010000000000000000000000000100001000000000000010000000030000200002022001001000001
100000100000000000000000222220000000000202200000000010000000000000000010300000000000000000000000100001000222200220010222000000000200000000001001000001
100000100000000000000000222220000000000000000222022010000000000000000010000020022223000000000000100001000222200220010222000000000200000000001001000001
100000100000000030000000222220000000000000000222022010022220000000000010000020022220000000000000100001000222200220010222000000000200000000001001000001
100000100000000000000000000000000000000222200000000010000000000000000000000000022220000000000000100001000222200000010222000000000000000000001001000001
100000100000000000000000000000000000000222230000000010000000000030000000000000000000000000000000100001000222200000010000000000000000000000001301000001
100003100000000000000000220000000000000222200222000010000000000000000000000000222222002202000000130001000000000000010300000000000000002220001001000001
100000100000000000000000030000000000000222200222000010000000000000000000300000222222000000000000100001000003000000011111111111111111102220011001000001
100000100000000000000000000002222200003000000222000010000000000000000000000000222222000000000000100001000000000000000000000000000000002220000001000031
100000100000000000000000000000000000000000000000000010000000000000000010000000222222000000000000100001000000000000000000000000000000002220000001000001
100000100000000000000000000000000000000000000003000010000000000000000010000000000000000003000000100001000000000000000000000030000000300000000001020001
100000100000000000000001111111111111111111111110000010000003000000000011111111111111111111111111100001000000000000000000000000000000000000000001020001
100000100000000000000001000000000000000000000000000010000000000000003000000000000000000000000000000001001111111000011111111111111000002220200001020001
100000100000000003000001000000000000000000000002010010000000000000200000000000000000000000000000003001001000000000000000000000001000002220000001020001
130000100000000000000001000000000003000000000002010010000000000000200000000000000000000000000000000001001000300000000030000000001000000000220001320001
100000100000000000000001000000000000000000000002010010000000000000200000000000000000300000000000000001001000000000000000000000001000000000220001000001
100000103220022222200001030000000000000000000002010010030111111110200011111111111100000000000000000001001000000000000000000000001000000000220001000001
100000100220022222200001000000000020000030000002310010000100000003000000000000000100000000000000000001001000000000000000000000001000000000220001000001
100000100220022222200001000000000020000000000002010010000100000000000003000000000100000000000000000001001000000000000000000000001000000000220001000001
100000100000003000000001000000000020000000000002010010000100000000000000000000000100222220000300000001001000000000000000000000001000000300000001000001
100000100200000000000001000000000000000000000000010010000100300000000000000000000100000000000000000001001000000000000000000000001000000000000001000001
100000100000000000000001000000300000000000000000010010000100000000000000000000000100000000000000000031001000000000000002200000031000000000000001000001
100000100000000000000001000000000000000000000000010010000100000000000000000000000100000000000000000001001000000000000002200000001000000000000001000001
103000100000000222200001000000000000000000000003010010000100200000000000000000000100000000000000000001001000000000003002200000001000000000030001000001
100000100300000000000031000000000000000000000000010010000100200000000000000000000100000000000000000001001002220000000002200000001000000000000001003001
100000100000000000000001000000000000000000000000010010000100200000000000000000000130000000000000000001001032220000000002200000001000000000000001000001
102220100000000000000001000000000000000000000000010010000100200000000000000000000100000000000000000001001000000000000000000000001000000000000001000001
102220100000000000000001000000000000000030000000010010000100000220000000000000000100000000000000000001001000000000000000000000001000000000000001000001
102220100000000003000001000000000000000000000000010010030100000220000000000000000100000000003000000001001000000000000000000000001000300000000001000001
130000100022000000000001000000003000000000000000010010000100000030000000000000000100000002222000000031001000000000000000000000301000000000000001000001
100000100022000000000000000000000222002020000000010010000100000220000000000000000100000002222000000001001000000000000000000000001000000000000001000001
102200100000000000000000000000000222002000000000010010000100000220000000000000000100000002222000000001001000000000000000000000001000000000000001000001
102200100022200000000000000000000222000020000000010010000100000220000000000000000100003000000000000001001000000000000000300000001000000000000001000001
102230100022200000000000000000000222000020003000010310000100000000000000000000000100000000000000000001001000000000000000000000001000000000000001000001
100000100000003000022222000000000000000020000000010010000100000000000003000000000100000002000000000001001000000000000000000000000000000000030001000001
100000100000000000000000030000000000000020000000010010000100000222000000000000000100000002000000003001001000000003000000000000000000000000000001003001
100000100022000000000001000000000000000300000000010010000100000222000000000000000000000000000000000001001000000000000000000000000000000000000001000001
100000100022000000000001000000000000000000000000010010000100000222000000000000000000000002200000000001001000000000000000000000000030000000000001000001
100000100022000000000001000000000000000000000000010010000100000222030000000000000000000002200000000001001000000000000000000000001000000000000001000001
100000100000000000000001111111111111111111111111110010000100000000000000000000000100000000000000000001001111111111111111111111111000000000000001000001
100000100000000000000000000000000000000000000000030010000100030000000000000000000100003000000000000301003000000000000000000000000000000000000001000001
100000100000300000000000000000000003000000000000000010000100000000000000000000000100000000000000000201000000000000000000000000000000000000000001000001
100000111111111111111111111111111111110000111111111110000111111111111111111111111100000000000000000201111111111100000111111111111111111111111111000001
130000000000000000030000000000000000000000000000000000000000000000000000000000000000000000000000000200000000000000000000000000000000000000000000000001
100000000000000000000000000000000000000000000000000000000000000000000000000000000000000000000000300000000000000000000000000000000000000000000000030001
100000000000000000000000000000000000000000000000000000000000000000000000000000000000000000000000000000000000000000000000003000000000300000000000000001
400000000000000000000000000000000000000000000000000000000000000000000000222220000000000000000000000000000000000000030000000000000000000000000000000001
400000030000000000000000000300000000000000003000003000000000000003000000003000000000000000000000000000030000000000000000000000000000000000000000000001
441111111111111111111111111111111111111111111111111111111111111111111111111111111444441111111111111111111111111111111111111111111111111111111111111111
