111111111111111111111111111111111111111111111111111111111111111111111111111111111111111111111111111111111111111111111111111111111111111111111111111111
100000000000000000000000030000000000000000000000000000000003000000000000000000000000003000000000000000000000000000000300000000000000000000000000000001
100300000000000000000000000000000000000000000000000000000000000000000300000000000000000000000000000000000000030000000000222003000000000000000000000001
100000222220000300000000000000000000000000000000000000000000000000000000000000000000000000000000000000000000000000000000222000000000000000000000000001
100000222220000000000000000000000003000000000000000000000000000000000000000000000000000000000000000000000000000000000000000000000000000000300000300001
100000000000000000000000000000000000000030000000000030000000000000000000000003000000000000000003000000000000000000000000000000000000000000000000000001
100000111111111111111111111111111111111111111000000110000111111111111111111111111111111000000220000001100000111111111111111111111111111111111111000001
100000100000000000000000000000000000000000000000000010000100000000000000000000000000001000000220022201030000000000030000000000000000300000000001000001
100000100000000000000000000000000000000000000000000010000100000300000000022220000000001000000220022201000000000000000000030000000000000000000001000001
100000100000000000000000000000000000000000000000000010000100000000022000022220000000001000000000022201000000000000000001111111111111111111111001000001
100000100000000000000000000000000030000000000000000010000100000000022000022220000000001000000000022201000000000000000001000000000000000000001001000001
100000100000000000000030000000000000000000003000000010000100000000000003022220000000001030000000000001000000000000000001000000000000000000001031000001
100003100000000000000000000000000000000000000000000010000102222220020000000000000000001002200000000001000000000000000001000000300000000000001001000001
100000100000000000000000000000000000000000000000000010000102222220020000000000000000001002200022022201000000000000300001000000000000000000001001000001
100000100000000000000000000000000000002220022020000010000102222220000022020000000000001000000022022201000000000000000001000000000000000000001001000001
100000100000000000000000000000000300002220022000000010003100000003000022020000003000001002200000000001000000000000000001000000000000000030001001000001
100000100000000000000000000000000000002220022000000010000100000000000000000000000000001000000000000031000000000000000001000000000000000000001001000001
100220103000000000000000000000000000002220000000000010000100000000000000003000000000001000000000000001000003000000000001000000220000000000001001000001
100220100000000000000003000000000000000000000000000010000100000000000000000000000000000002222200000001000000000000000001030000220000000022001001000001
100220100002000000000222220000000000000000000000000010000100000222002220000002220000000002222200000001000000000000000001000000220000000000001001000031
100000100000000000000222220000000000030000000000000010000100000222002220220002220000000302222200000001000000000000000001000000220030000000001001000001
100000100002203000000000000000000000000000000000000010000100000222000000220000000000000002222200000001000000000000000001000000220000000022201001000001
100000100002200000000000000000000000000000000300000010000100000222000030000000000000000000000300000001000000000000000001000000220000000022201001000001
100000100002200000000000000000000000000000000000000010000100200000000000220000000000001000000000000001000000000000000001000000220000000022201001000001
130000100000000000000000000000000000000000000000000010000100200000000000000000300000001000000000000001003000000000000001000000000000000022201001000001
100000100000000000000000000000000000000000000000000010000100200000000000000000000000001000000000000001000000000000030001000000300000000022201031000001
100000100002200000003000000000000000000000000000000010000100200000000000222220000000001000000000000001000000000000000001000000000000000322201001000001
100000100002200000000000000003000000003000000000000010030100200000000000222220000000001000000000000001000000000000000000000000000000000000001001000001
100000100002200000000000000000000000000000000000000010000100200030000000000000000000001030000000000001000000000000000000000000000000000000001001000001
100000100000000000000000000000000000000000000000000310000100200000000000000000000000001000000000000001000000000000000000030000000000000000001001000001
100000100000300000000000000000000000000000000000000010000100000000000000000000000000001000000000000001000000000030000000000000000000000000001001003001
100000100000000000000000000000000000000000000000000010000100000000000000000000000000001000000000000001000030000000000000000000000000000000001001000001
100000100000000000000000000000000000000000000000000010000100000000000000000000000030001000000000030001000000000000000001000000000000000000001001000001
100000100000000000000300000000000000000000000000000010000100000000000000000000000000001000000000000001000000000000000001000000000300000000001001000001
100000100000000000000000000000000000000300000000000010000000000000000000000000000000001000000000000001000000000000030001111111111111111111111001000001
100000130111111111111111111111111111000000000000000010000030000000000000003000000000001000000000000001000000000000000000000000000000000000000001000001
400000100100000000000000000000000001000000000300000010000000000000000000000000000000001000000000000001000000000000000000000000000000000000000001000001
400000100100000000000000000000000001000000000000000010000100000000000000000000000000001000000000000001000003000000000000000000000000000003000001000001
400000100100000000000000000000000001000000000000000010000100000000000000000000000000001000000000000001000000000000000000000000000000000000000001000001
400000100100000000000003022200222001000000000000003010000100000000000000000000000000001000000000000001001111111111111110003111000000000000000001000301
400000100100000000000000022200222301000000000000000010000100000000000300000000000003001000000000300001001000000000000000000001000000000000000001000001
100000100100000000000000000000222001000000022002222010000111111111111111111111111111111000000000000001001000000000000000000001000000000000000001000001
100000100100022222220000022000222001000300022002222010000000030000000000000000000000000000000000000001001000000000030000000001020000000022222001000001
100000100100003000000000022000222001000000022002222010000000022022002222220000000000000000000000000001001000300000000000000001020000000000000001000001
100300100100000000000000000000222001000000003002222010000000022022002222220000000000000000000000000001001000000000000000000001020000000000000001000001
100000100100000000000000000000000001000000022000000010000000000022002222220000000000000000000000000001001000000000000000000001020000000000030001000001
100000100100000000000000000000000001002000022000000010000000000000002222220000000000000000000000000001001000000000000000000001000000000000000001000031
100000100100000000000000000003220001002000000000000010000000000000000000000000000000000000000000000001001000000000000002222201000000000000000001000001
100000100100000000000000000000220001002000000000000010300000000000000000000000000000000000000000000001031000000000000000000001000000000000000001000001
100000100100000000022200000000220001002030000000000010000000000000000000000000000000000000000000000001001002222200000000000001000000000000000001000001
100000100100000000022203000000220001002000000000000010000000000300000000003000000030000000000000000001001000003000000000000031000000000000000001000001
100000100100000000022200000000220031002000000000000010022220000002222002202200000000000000300000000001001000000000000000000001000000000000000001030001
100000100100000000022200000000000001002000000000000010022220000002222000002200000000000000000000000001001000000000000000000001000000300000000001000001
100000100100000000000000000000000001000000000000000010000000000002222000000000000000000000000000003001001000000000000222220001000000000000000001000001
100000130100000003000000000000000000000000000003000010000000000002222000000000000000000220000000000001001000000000000000000001000000000000000001000001
100000100100000000020220000000000000000000000000000010000000000002222000000000000000000220000000000001001000000000000000000001000000000000000001000001
100000100100000000020220000000000000000000000000000010000000000002222000000000000000000000000000000001001000000000000000000001000000000000000001000001
100000100100000000000000000000000000000000002000000010000000000000000300000000000000000222002220000001001000000003222220022201022000000003000001000001
100000100100000000000000000030000000000000002000000010000000000000000000000000000000000222002220000001001000000000222220022201022000000000000001000001
100000100000000000000000000000000000300000002000000010000003000000222222000000003000000000002220000001001000000000222220000001022000000000000001000001
100000100000000000000022000000000000000000002000000010000000000000222222000000000000000000002220000001001300000000000000023001022000000000000001000001
103000100300000003000022000000000001000000002000000010000000000000222222000000000000000000000000000001001000022000000000000001022000000000000001000001
100000100100000000000000000000000001000000002000000010000000000000222222000000000000000000000030000001001000022000000000000001000000300000000001000001
100000100100000002220020000000000001000000002003000010000000000003000000000000000000000000000000000001001000022000000000000001000000000000000001000301
100000100100000002220020000000000001003000000000000010002222000000000000003000000000003000000000000001001000022000000000000001000000000000030001000001
100000100100000002220000000000003001000000000000000010002222000000202000000000000000000000000000000001001000022000000000000001000000000000000001000001
100000000100000002220000000000000001000022220022022010000000000000200000000000000000000000000000000001001000030000000000000001000000000000000001000001
100000000100000002220000000000000001000022220022022010000000000000000000000000200000000000000000000001001000000000000000030001000000000000000001000001
100000000100000000000000003000000001000022220022000010000003000000000000000000200000000000000000002201001000000000000000000001003000000000000001000001
103000100100000000000000000000000001000322220000000013000000000000000000000000200000000000000000002201001000000000000000000001000000000222220001000001
100220100111111111111111111111111111000000000000000000000000000000000000000000200000000000000000032201001100011111111111111111000000000222220001000001
100220100000300000000000000000000000000000000000000000000000000000000030000003200000000030000000002201000000000000000000000000000000000000000001000031
100220100000000000000000000000000000000000000000000000000000000000000000000000000000000000000000002201000000000003000000000000000000000000000001000001
100220111111111111111111111111111111111111111111111110000000000000000000000000000000000222220000000001111111111111110001111111111111111111111111000001
100220000000000000000000000000000000000000000000000000000000003000000000000000000000000000000000000000030000000000000000000000000000000000000000000001
100220000000000000000000000000000000000000000000000000000000000000000000000000000000000000000000000000000000000000000000000000000030000000000000000001
100000000000000000000030000000000000000000000000000000300000000000000000000000000000000000000000000000000000000000000000000030000000000000000000000001
100000000000000000000000000000300000000000000000000000000000000000000000000000030000000000000000300000000000000000000000000000000000000000000000030001
100000111111111111111111111111111111111111111111110000000000000000000011111111111111111100001111100001111111111111111111100001111111111111111111000001
100000103000000000000000000000000000000000000000000000000000000000000010000000000000000000000000100001000000000000000000000000000000000000000001000001
100000100000000222220000000000000000003000000000000010000000000000000010000000000000000000000000100001000000000000000000000000000000000000000001000001
100000100000000222220000000000000000000000000000300010000000000000000010000000000000000000000000100001300000000000011111111111111110000111111001000001
100000100000000222220000000000000000000000000000000010000000000000000010000000000000000000000000100001000000000000010000000000000000000000001001000001
100000100222200222220002222200000000000000000222000010000000000300000010000000000000000000000000100001000000000000010030000000030000000003001001000001
100000100222200000000000300000000000022000000222000010000000000000000010000000000000000000202200100001000000000000010000000000000000000000001001000001
100000100222200000000000000000000030000000000222000010000000000000000010000000000000003000000000100001000003000000010000000000000000000000001001000001
100000100222200220000000000000000000000000000000000010000000000000000010000000000000000000000000130001000000000000010000000000000000000000001001000001
100000000222200000000000000000000000022220000000000013000000000020000010000000000000000000002220100001002220000000010000000000000000000000001001000001
100000000000030000000000000000000000022220000200000010000000000000000010000300000000000000002220100001002220000000010000000000000000000000001001000001
100000000000000000000000000000000000022220000200000010000000000022000010000000000030000000002220100001002220000000010000000000000000000000001001000001
100000020222000000000000000003000000000000000000000010000000000000000010000000000000000000000000100001002220000000010000000000000000000000001001000001
100003000222000000000000000000000222222200000200000010000000000000000010000000000000000000000000100001000000000000010000000000000030000000001001000001
100000000000000000000002220000000222222200003000000010000000000022200010000000000000000000000000100001000000300000010000000000000000000000001001300001
100000100000000000000002220000000000000000000000000010000000000022200010300000000000000000000000100001002200000000010000000030000000000000001001000001
100000100000000003000000000000000000000000000000000010300000000022200010000000000000000000000000100001000000000000010000000000000000000000001001000001
100000100200000000000000000000000000000000000000000010000000000000030010000000000003000000000000100301020000000000010000000000000000002200001001000001
100000100200000000000000000000000000000000000000000010000000000000000010000000000000000000000000100001020000000000010000000000000000002200001001000001
100000100200000000000000000000030000000000000000000010000000000000000010000000000000000000000000100001020000000000010223000000000000002200001001000001
100000100200000000000000000000000000000000000000000010000000000000000010000000000000000000000000100001000000000000010220000000000000000000031001000001
100000100200000000000000000000000000000000000000003010000000000000000010000000000000000000000000100001000000000000010220000000000000000000001001000001
100000100000000000003000000000000000000000003000000010000000000000000010000000000000000300000000100001000000000000010000000000300200002022001001000001
100000100000000000000000222220000000000202200000000010000300000000000010000000000000000000000300100001000000000300010000000000000200002022001001000001
100000100000000000000000222220000003000202200000000010000000000000030010000000000000000000000000100001000222200220010222000000000200000000001001000001
100003100000000000000000222220000000000000000222022010000000000000000010000320022220000000000000100001030222200220010222000000000200000000001001000001
100000100000000000000000222220000000000000000222022010022220000000000010000020022220000000000000100001000222200220010222000000000200000000001001000001
100000100000000000000000000000000000000222200000000010000000000000000000000000022220000000000000100001000222200000010222000000000000300000001001000001
100000100000000000000000000000000000000222200000000010000000000000000000000000000000000000000000100001000222200000010000000000000000000000001001000001
100000100000000000000000220000000000000222200222000310000000000000000000000000222222002232000000100001000000000000010000000000000000002220001001000031
100000100000000300000000000000000000000222230222000010000000000000000000000000222222000000000000100001000000000000011111111111111111102220011001000001
100000100000000000000000000032222230000000000222000010000000000000000000000000222222000000000000100001000000000000000030000000000000002220030001000001
103000100000000000000000000000000000000000000000000010000000030000000013000030222222000000000000100001000000030000000000000000000000002220000001000001
100000100000000000000000000000000000000000000000000010000000000000000010000000000000000000000000100001000000000000000000000000000000000000000001020001
100000100000000000000001111111111111111111111110000013000000000000000011111111111111111111111111100001000000000000000000000000003000000000000001020001
100000100000000000000001000000000000000000000000000010000000000000000000000000000003000000000000000001001111111000011111111111111000002220200001020001
100000100000000000000001300000000000000000000002010010000000000000200000000000000000000000000000000001001000000000000000000000001000002220000001020001
100000100000000000000001000000000000000000000002010010000000000000200000000000000000000000000000000001001000000000000000000000001000000000220001020001
100000100000030000000001000000000000000000000002010010000000000000200000000000000000000000000000030001001000003000000030000000001000000000220001000301
100000100220022222200001000000000000000000000002010010000111111110200311111111111100000000000000000001001000000000000000000000001000000000220001000001
100000100220022222200001000000000020000000003002010010300100000000000000000003000100000000030000000001001000000000000000000000001000000000220001000001
100000100220022222200001000000000020300000000002010010000100000000000000000000000100000000000000000001001000000000000000000000001000000300220001000001
100000100000000000000001000000000020000000000002010010000100000000000000000000000100222220000000000001001000000000000000000000001000000000000001000001
100000100200000000000001000000000000000000000000010010000100000000000000000000000103000000000000000001301000000000000000000000001000000000000001000001
100030100000000000000001000000000000000000000000010010000100000000000000000000000100000000000000000001001000000000000002200000301000000000000001000301
100000100000000000000001003000000000000000000000010010000100000000000000000000000100000000000000000001001000000000000002200000001000000000000001000001
100000100000000222200001000000000000000000000000010010000100200000000000000000000100000003000000000001001000003000000002200000001000000000000031000001
100000100000000000000001000000000000000000000000010010000100200000030000000000000100000000000000000001001002220000000302200000001000000000000001000001
100000130000000000000001000000000000000000000000310010000100200000000000000000000100000000000000000001001002220000000002200000001000000000000001000001
102220100000000030000001000000000000000000000000010010000100200000000000000000000100000000000000000031001000000000000000000000001000300000000001000001
102220100000000000000001000000030000000000000000010010000100000220000000000000000100000000000000000001001000000000000000000000001000000000000001000001
102220100000000000000001000000000000000000000000010010000100000220000000000003000100000000000000000001001000000003000000000000001000000000000001000001
100000100022000000000001000000000000000000000000010010000100000000000000000000000100000002222000000001001000000000000000000000001000000000000001000001
130000100022000000000003000000000222002020000000010010000130000220000000000000000100000002222000000001001000000000000000000000001000000003000001300001
102200100300000000000000000000000222002030000000010010000100000220000000000000000100000002222000000001001000000000000000000000001000000000000001000001
102200100022200000300000000000000222000020000000010010000100000220000000000000000100000000000000000001001000000300000000000000001000000000000001000001
102200100022200000000000000000000222000020000000010010000100000030000000300000000100000000000300000001001000000000000000000000001000000000000001000001
100000100000000000022222000000000000000020000000010010000100000000000000000000000130000002000000000001001000000000000000000000300000000000000001000001
100003100000000000000000000000000000000020000000010010000100000222000000000000000100000002000000000001001000000000000000000000000000000000000001000001
100000100022000000000001000000300000000000000000010010000100000222000000000000000000000000000000000001001000000000000000000000000000000000000001000001
100000100022000000000001000000000000000000000000010010000100000222000000000000000000000002200000000001001000000000000000000000000000000000000001000001
100000100022000000000001000000000000000300000030010010000100000222000000000000000000000002200000000001001000000000000000300000001000000300000001000001
100000100000003000000001111111111111111111111111110010000103000030000000000000300100000000000000000001001111111111111111111111111000000000000001000001
100000100000000000000000000000000000000000000000000013000100000000000030000000000100000000300000000001000300000000000000000000000000000000000001000001
100000100000000000000000000000000000000000000000000010000100000000000000000000000100000000000000000201000000000000000000000000000000000000000301000001
100300111111111111111111111111111111110000111111111110000111111111111111111111111100000000000000000201111111111100000111111111111111111111111111000001
100000000000000000300000000000000000000000000000000000000000000000000000000000000000000000000000300200000000000000300000000000000000000000000000000001
100000000000000000000000000000000000000000000003000000000000000000000000000000000000000000000000000000000000000000000000000000000000000000000000000001
100000000000000000000000000000000000000000000000000000000000000000000000000000000000000000000000000000000000000000000000000000000000000000000000000001
400000000000000000000000030000000000000300000000000000000000000000000000222220030000003000000000000000000000000000000000300000000000000000000000030001
400000000000000000000000000000000000000000000000000030000000000000000000000000000000000000000000000000000000000000000000000000000000030000000000000001
441111111111111111111111111111111111111111111111111111111111111111111111111111111444441111111111111111111111111111111111111111111111111111111111111111
