111111111111111111111111111111111111111111111111111111111111111111111111111111111111111111111111111111111111111111111111111111111111111111111111111111
100000000000000000000000000000000000000000000000000000000000000000000000000000000000000000003000000000000030000000300000000000000000000000000000000001
100000000000000300000000003000000000000000000000000000000000000000000000000300000000030000000000003000000000000000000000222000003000000000000000003001
100300222220000000000000000000000000000000000000300000000000000300000000000000000000000000000000000000000000000000000000222000000000000030000000000001
100000222220000000000000000000000000000000000000000000003000000000000000000000000000000000000000000000000000000000000000000000000000000000000000000001
100000000000000000000000000000000300000000000000000000000000000000000000000000000000000000000000000000000000000000000000000300000000000000000000000001
100000111111111111111111111111111111111111111000000110000111111111111111111111111111111000000220000001100000111111111111111111111111111111111111000001
100000100000000000000000000000000000000000000000000010000100000000000000000000000000001000000220022201000000000000000000000000000000000000000001000001
100000103000000000000300000000000000000000000000000010000100000000000000022220000000001000003220022201000000300000000300000000000000000000000301000001
100000100000000000000000000000000000000000000000000010000100000000022000022220000000001000000000022201000000000000000001111111111111111111111001000001
100000100000000000000000000000000000000000000000000310000100300000022000022220000000001000000000022231000000000000000001000000000000003000001001000001
100000100000000000000000000000000000000000000300000010000100000000030000022220030000001000000000000001000000000000000001000000000000000000001001000001
100000100000000000000000000000000000000000000000000010000102222220020000000000000000001002200000000001000000000000000001000000000000000000001001000001
100000100000000000000000000000000000000000000000000010000102222220020000000000000000001002200022022201000000000000000001000000000000000000001001000001
100000100000000000000000000000000000002220022020000010000102222220000022020000000000001000000022022201000000000000000001000000000000000000001301000301
100000100000000000003000000003000000002220022000000010000100000000000022020000000000001002200000000001000000000000000001000000000000000000001001000001
100000100000000000000000000000000000032220022000000010000100000000000000000000000000001000000000000001000000000000000031000000000000000000001001000001
130220100000000000000000000000000000002220000030000013000100000000000000000000000000001000000000000001000000000003000001000000220000000000001001000001
100220100030000000000000000000000000000000000000000010000100000000000000003000000000000002222200000001000000000000000001000030220000003022001001000001
100220100002000000000222220000000000000000000000000010000100030222002220000002220000000002222200000001030000000000000001000000220000000000001001000001
100000100000000000000222220000000000000000000000000010000100000222002220220002220000003002222200000001000000000000000001000000220000000000001001000001
100000100002200000000000000000000000000000000000000010000100000222000000220000000000000002222200030001000000000000000001000000220000000022201001000001
100000100002200000000000000000300000000000000000000010000100000222000000000000000000000000000000000001000000000000000001000000220000000022201001000001
100000100002200000003000000000000000000000000000000010000100200000000000220000000000001000000000000001000000000000000001000000220000000022201001000001
100000100000000000000000000000000000000000000000000010000100200000000000000000000300001000000000000001000000000000000031000000000000000022201001000001
100000100000000000000000000000000000000000030000000010030100200000000000000000000000001000000000000001000000000000000001000000000000003022201001000001
100000100002200300000000000000000000000000000000000010000100200030000003222220000000001000000000000001000000000000000001000000000000000022201001000001
100003100002200000000000000000000000000000000000000010000100200000000000222220000000001030000000000001000000030000000000000000000000000000001001000001
100000100002200000000000000000000000000000000000000010000100200000000000000000000000001000000000003001000000000000000000000000300000000000001301000001
100000100000000000000000000000000000000000000000000010000100200000000000000000000000001000000000000001003000000000000000000000000000000000001001000031
100000100000000000000000030000000000000000000000000010000100000000000000000000000000001000000000000001000000000000000000000000000000000000001001000001
100000100000000000000000000000000030000000000000000010000100000000000000000000000003001000000000000001000000000000000000000000000000000000001001000001
100000100000000000000000000000000000000000000000000010000100003000000300000000000000001000000000000001000000000000300001000000000000000000001001000001
100000100003000000000000000000000000000000000000000010300100000000000000000000000000001000000000000001000000000000000001000000000000000030001001000001
100000100000000000000000000000000000000000000000300010000000000000000000000000000000001000000000000001000000000000000001111111111111111111111001000001
100000100111111111111111111111111111000000000000000010000000000000000000000003000000001000000000000001000000000000000000300000000000000000000001000001
400300100100000000000000000000000001000000000000000010000000000000000000000000000000001000000000000001000000000000000000000000000000000000000001000001
400000100100000000000300000000000001000003000000000010000100000000000000000000000000001030000000000001000000300000000000000000000000000000000001000001
400000100100000000000000000000000001000000000000000010000100000000000000000000000000001000000000030001000000000000000000000000030000000000000001000001
400000100100000000000000022200222001000000000000000010003100000000000000000000000000001000000000000001001111111111111110000111000000000000000001000001
400000100100000000000000022200222001000000000000000010000100000000000000000000000000001000000000000001001000000000000000000001000000000000000001000001
100000100100000000000000000000222031000000022002222010000111111111111111111111111111111000000000000001001000000000000000000001000000000000000001000001
100000100100022222220000022000222001000000022302222010000000000000030000000000000000000000000000000001001000000000000000000001020000030022222001000301
100000100100000000000000022000222001000000022002222010000000322022002222220000000030000000000000000001001000000000000000000001020000000000000001000001
100000103100000000000000000300222001000000000002222010000000022022002222220000000000000000000000000001031000000000000000000001020000000000000001000001
100000100100000000000000000000000001000000022000000010000000000022002222223000000000000000000000000001001000000030000000000301020000000000000001000001
100000100100000000030000000000000001002300022000000010000000000000002222220000000000000000000000000001001000000000000000000001000000000000000001000001
100000100100000000000000000000220001002000000000000010000000000000000000000000000000000000000030000001001000000000000002222201000000000000000001000001
100000100100000000000000000000220001002000000000000010000000000000000000000000000000300000000000000001001000000000000000000001000000000000000001000001
100000100100300000022200000000220001002000000030000010000000000000000000000000000000000000000000000001001002222200000000000001000000000000000001000001
100000100100000000022200000000220001002000000000000010000000000030000000000000000000000000000000000001001000000000000000000001000000000000000001000001
100000100100000000022200000000220001002000000000000010322220000002222002202200000000000000000000000001001000000000000000000001000000000000000001000001
100000100100000000022200000003000001002000000000000010022220000002222000002230000000000000000000000001001000000000000000000001000000000000300001000001
100300100100000000030000000000000001000000000000000010000000000002222030000000000000000000000000000001001000000000003222220001003000000000000001000001
100000100100000000000000000000000000000000000000000010000000000002222000000000000000000220000000000001001000000000000000000001000000000000000001003001
100000100100000000020220300000000000000000000000000010000000000002222000000000000000000223000000000001001000000000000000000001000000000000000001000001
100000100100000000020220000000000000030000000000000010000000000302222000000000000000000000000000000001001000000000000000000001000000000000000001000001
100000100100000000000000000000000000000000002000000010300000000000000000000000000000000222002220003001001000000000222220022201022000000000000001000001
100000100100000000000000000000000000000000002000000010000000000000000000000000000000000222002220000001001000000000222220022201022000000000000001000001
100000100000000000000000000000000000000000002000000010000000000000222222000000003000000000002220000001001300000000222220000001022000000000000001000001
100003100000000000000022000000000000000000002000000010000000000000222222000000000000000000002220000001001000000000300000020001022000003000000001000001
100000100000003000000022000000000001000000002000000010000000000000222222000000000000000000000000000001001000022000000000030001022000000000000001000001
100000100100000000000000000000000001000000002003000010000000000000222222000000000000000000000000000001001000022000000000000001000000000000000031000001
100000100100000002220020000000000001000003002000000010030000000300000000000000000000000000000000000001001000022000000000000001000000000000000001000001
100000100100000002220020000000000001000000000000000010002222000000000030000000000000000000000003000001001000022000000000000001000000000000000001000001
100000100100000002220030000000300001000000000000000010002222000000202000000000300000003000000000000001001000022000000000000001000000000000000001000001
100000000100000002220000000000000001000022220022022010000000000000200000000000000000000000000000000001001000000000000300000001000000000000000001000001
100000000100000002220000000000000001000022220022022010000000000000000000000000200000000000000000000001001000000000000000000001000000000000000001000001
100000000100300000000000000000000001000022220022000010000000000000000000000000200000000000000000002201001000000000000000000001000000000000000001000001
100000100100000000000000000000000001000022220000000010000000000000000000000000200000000000000000002201001000300000000000000001030000000222220001000001
100220100111111111111111111111111111000000000000000000000000000000000000000000200000000000000000002201001100011111111111111111000000000222220001000031
100220100000000000000000000000000000000000300000000000000000000000000000003000200300000000000000002201000000000000000000000000000000000000000001000001
100220130000000000000000000000300000000000000000000003000000003000000000000000000000000000000000002201000000000000000000000000000000000030000001000001
100220111111111111111111111111111111111111111111111110000000000000000000000000000000000222220000000001111111111111110001111111111111111111111111000001
100220000000000030000000000000000000000000000000000000000000000000000000000000000000000000000000000000003000000000000000000000000000000000000000000001
100220000000000000000000000000000000000000000000000000000000000000000000000000000000000000000000003000000000000000000000000030000000000000000000000001
100000000000000000000000000000000000000000000000000000000000000000000000000000000000000000300000000000000000000300000000000000000000000000000000000001
130000000000000000000000000000000000000000000000000000000000000000000000000000000000000000000000000000000000000000000000000000000000000000000000000001
100000111111111111111111111111111111111111111111110000000000000000300011111111111111111100001111100001111111111111111111100001111111111111111111000001
100000100000000000000000000000000000000000000000000000000000000000000010000000000000000000000000100001000000000000000000000000000000000000000001000001
100000100000000222220000000000000000000000000000000010000000000000000010000000000003000000000000100001000000000000000000000000000000000000000001000001
100000100000300222220000000000000003000000000000000010000003000000000010000000000000000000000000100001000000000000011111111111111110000111111001000031
100000100000000222220000000030000000000000000000000010000000000000000010300000000000000000000000100001000000000000010000000000300000000000001001000001
100000100222200222220002222200000000000000000222000310000000000000000010000000000000000000000000100001000000000003010000000000000000000000001001000001
100000100222200000000000000000000000022000000222000010000000000000000010000000000000000000202200100001003000000000010000000000000000000000001001000001
100000100222200000000000000000000000000000000222000010000000000000000010000000000000000000000300100001000000000000010000000000000000300000001001000001
100000103222200220000000000000000000000003000000000010000000000000000010000000000000000000000000100001000000000000010000000000000000000000001301000001
100000000222200300000000000000000000022220000000000010000000000020000010000000000000000000002220100001002220000000010000000000000000000000001001000001
100000000000000000000030000000000000022220000200000010000000000000000010000000000000000000002220100001002220000000010000000000000000000000001001000001
100000000000000000000000000000000000022220000200000010000000000022000010000000000030000000002220100001002220000000010000000030000000000000001001000001
100000020222000000000000000000000000000000000000000010000000000000000010000000000000000000000000100301002220030000010000000000000000000000001001000001
100000000222000000000000000000000222222200000230000010000000003000000010000000000000000000000000100001000000000000010000000000000000000000001001000001
100000000000000000000002220000000222222200000000000010000000000022200013000000000000000000000000100001000000000000010000000000000000000030001001003001
100000100000000000000002220000000000030000000000000010000000000022200010000000000000000000000000100001002200000000010000000000000000000000001001000001
100000100000000000000000000000000000000000000000000010000000000022200010000000000000000000000000100001000000000000010003000000000000000000001001000001
100000100200000000000000000000000000000000000000000010000300000000000010000000000000000000000300100001020000000003010000000000000000002200001001000001
100000100200000030000000000003000000000000000000000010000000000000000010000000000000000000000000100001020000000000010000000000000000002200001001000001
100003100200000000000000000000000000000000000000000010000000000000000010000000000000003000000000100001020000000000010220000000003000002200001001000001
100000100200000000000000000000000000000000000000000010000000000000000010000000000000000000000000100001000000000000010220000000000000000000001001000001
100000100200000000000000000000000000000000000000300010000000000000000010000000000000000000000000100001000000000000010220000300000000000000001001003001
100000100000000000000003000000000000000000000000000010000000000000003010000000000000000000000000100001000000030000010000000000000200002022301001000001
100000100000000000000000222220000000000202200000000010000000000000000010000000000000000000000000100001000000000000010000000000000200002022001001000001
100000100000000000000000222220000000000202200000000010000000000000000010000000030000000000300000100001000222200220010222000000000200000000001001000001
100000100003000000000000222220000000000000000222022010000003000000000010000020022220000000000000103001000222200220010222000000000200000000001001000001
100000100000000000000000222220000000003000000222022010022220000000000010000020022220000000000000100001000222200223010222000000000203000000001001000001
100000100000000000000000000000000000000222200000000010000000000000000000000000022220000000000000100001000222200000010222000000000000000000001001000001
100000100000000000000000000000000000000222200000000010000000000000000000000000000000000000000000100001000222200000010000000000000000000000001001000001
100000100000000000000000220000000000000222203222000310000000000300000000000000222222002202000000100001000000000000010030000000000000002220001001000001
100000100000000000000030000000030000000222200222000010000000000000000000000000222222000000000000100001000000000000011111111111111111102220011001000001
100000100000000000000000000002222200000000000222000010000000000000000000000000222222000000000000100001000000000000000000000000000003002220003001000001
100000100000000000000000000000000000000000000000000010000000000000000010000000222222000000300000103001000000000000000000000000000000002220000001000001
100300100000000003000000000000000000000000000000000010000000000000000010003000000000000000000000100001000000000000000000000000000000000000000001020031
100000100000000000000001111111111111111111111110000010000000000003000011111111111111111111111111100001000000300000000000000000000000000000000001020001
100000100000000000000001000000000000000000000000300010000000000000000000000000000000000000000000000001001111111000011111111111111000002220200001020001
100000100000000000000001000000000000000300000002010010000030000000200000000000000000000000000000000001001000000000000000000000001000002220000001020001
100000100000300000000001000000000000000000000002010010000000000000200000000000000000000000000000000001001000000000000000000000001000000000220001020001
100000100000000000000001000000000000000000000002010010000000000000200000000000000000000000000000000001001000000000000000000000001000000000220001000001
100000100220022222200001000000000000000000000002010010000111111110200011111111111100300000000000000001001000000000000000003000001000000000220001000001
100003100220022222200001000000000020000000000002010010000100000000000000000000000100000000000000000001301000000000000000000000001000000000220301000001
100000100220022222200001030000000020000000000002010010000100000000000000000000000100000000000000000001001000000000000000000000001000000000220001000001
100000100000000000000001000000000020000000000002010010000100000000000000000000000100222220000000000001001000000000000000000000001000000000000001000001
100000100200000000000001000000000000000000000000010010000103000000000000000000000100000000000000300001001000000000000000000000001000000000000001000001
100000100000000000000001000000000003000000000003010010000100000000000000000000030100000000000000000001001000000000000002200000001000000000000001000001
100000100003000000000001000000000000000000000000010010000100000000000000000000000100000000000000000001001000300000000002200000001003000000000001000001
100000100000000222200001000000000000000000000000010010000100200000000000000000000100000000000000000001001000000000003002200000001000000000000001000001
130000100000000000000001000000000000000000000000010010000100200000030000000000000100000000000000000001001002220000000002200000001000000000000001000001
100000100000000000000001000000000000000000000000010010000100200000000000000000000100000000000000000001001002220000000002200000001000000000000001000301
102220100000000000003001000030000000000000000000010010000100200000000000000030000100000000000000000001001000000000000000000300001000000000000001000001
102220100000000000000001000000000000000000000000010010000130000220000000000000000100000000000000300001031000000000000000000000001000000000000001000001
102220100000000000000001000000000000000000300000010010000100000220000000000000000103000000000000000001001000000000000000000000001000000000000001000001
100000100022000000000001000000000000000000000003010010000100000003000000000000000100000002222000000001001000000000003000000000001000000000000001000001
100000100022000000000000000000000222002020000000010010000100000220000000000000000100000002222000000001001000000000000000000000001000000000000001000001
102200100300000000000000000000000222002000000000010010000100000220000000000000000100000002222000000001001000000000000000000000001000000000000001030001
102200100022200000000000000000003222000020000000010010000100000220000000003000000100000030000000000001001000000000000000000000001000000300000001000001
102230100022200000000000000000000222000320000000010010000100000000000000000000000100000000000000000001001000000000000000000000001000000000000001000001
100000100000000000022222000000000000000020000000010010000100000000000000000000000100000002000000000001001000000000000000000000000000000000000001000001
100000100000000000300000000000000000000020000000010310000100000222000000000000000100000002000000300001001000000000000000000000000000000000000001000001
100000100022000000000001000000000000000000000000010010000100030222000000000000000000000000000000000001001000000000300000000003000000000000000001000001
100000100022000000000001000000000000000000000000010010000100000222000000000000000000000002200000000001001000000000000000000000000000000000000001000001
100000100022000000000001000000000000000000000000010010000100000222000000000000000000000002200000000001001000000000000000000000001000000000000001000001
100030100003000000000001111111111111111111111111110010000100000000000000030000000100000000000000000001001111111111111111111111111000000000000001003001
100000100000000000000000030000000000000000000000000010000100000000000000000000000100000000000000000001030000000000000000000000000000000000030001000001
100000100000000000000000000000000000000000000000000010000100000000000000000000000100000000000000000201000000000000000000000000000000000000000001000001
100000111111111111111111111111111111110000111111111110000111111111111111111111111100000000000000000201111111111100000111111111111111111111111111000001
100000000000000000000000000000000000000000000000000000000000000000000000000000000000000000000000000200000000000000000003000000000000030000000000000001
100000000000000300000000000000000000000000000000000000000000000000000000000000000300000000000000000000000000000000000000000000000000000000000000000001
100000000000000000000000000000000000000000000000030000000000000000000000000000000000000000000030000000000000000003000000000000000000000000000000000001
400000000000000000000000000000000000000000000000000000000300000000000000222220000000000030000000000000000000000000000000000000000000000000000300000301
400000003000000000000000000000030000000030000000000000000000000000000000000000000000000000000000000000300000000000000000000300000000000000000000000001
441111111111111111111111111111111111111111111111111111111111111111111111111111111444441111111111111111111111111111111111111111111111111111111111111111
