111111111111111111111111111111111111111111111111111111111111111111111111111111111111111111111111111111111111111111111111111111111111111111111111111111
100000000000000000000000000000000000000300000000300000000000000000000000000000000000000000000000000000000000000000000000000000000000000000000000000001
100000300000000000000000000000000000000000000000000000000300000000000000000003000000000000000000000000000000000000000003222000000003000000000000000001
100000222220000000000000000000000000000000000000000000000000000000000000300000000000000000000000000000300000000030000000222000000000000000000000000001
100000222220000000000000000030000000000000000000000000000000000000000000000000000000000000003000000000000000000000000000000000000000000000000000000001
100000000000000000000030000000000000000000000000000000000000000000000000000000000000300000000000000000000000000000000000000000000000000000000300000001
130000111111111111111111111111111111111111111000000110000111111111111111111111111111111000000220000001100000111111111111111111111111111111111111000001
100000100000000000000000000000000000000000000000003010000100000000000000000000000000001000000220022201000000000000000000000003000000000000000001000001
100000100000000000000000000000000000000000000000000010000100000000000000022220000000001000000220022201000000000000003000000000000000000000000001000001
100000100000000000300000000000000000000000000000000010000100000003022000022220000000001000000000022201000000000000000001111111111111111111111001000001
100000100000000000000000000000000003000000000000000010000100000000022000022220000000001000000000022201000000000000000001000000000000000000001001000001
100000100300000000000000000000000000000000003000000010000100000000000000022220000000001000000000030001000000000000000001000000000000000000001001000001
100000100000000000000000000000000000000000000000000010000102222220020000000000000000001002200000000001000000000000000001000000000000000000001001000001
100000100000000000000000000000000000000000000000000010000102222220020000000000030000001002200022022201000000000000000001000000000000030000001001000001
100000100000000000000000000000000000002220022020000010300102222220000022020000000000001000000022022201000000000000003001000000000000000000001001000001
100000100000000000000000000000000000002220022000000010000100030000000022020000000000001002230000000001000000000000000001000000000000000000001001000001
100030100000000000000000000030000000002220022000000010000100000000000000000000000000001000000000000001000000000000000001000000000000000000001001300001
100220100000000000000000000000000000002220000000000010000100000000000000000000000000031000000000000001000000000000000001000003220000000000001001000001
100220100000000000030000000000000000000000000000000010000100000000000000000000000000000002222200000001000000000000000001000000220000000022001001000001
100220100002000000000222220000000000000000000000000010000100000222002220000002220000000002222200000301000000030000000001000000220000000000001001000001
100000100000000000000222220000000003000000300000003010000100000222002220220002220000000002222200000001000000000000000001000000220000000000031001000001
100000100002200000000000000000000000000000000000000010000100000222000000220000000000000002222200000001000000000000000001000000220000000022201001000001
100000100002200000000000000000000000000000000000000010000100000222000000000000000030000000000000000001000000000000000001000000220000000022201001000001
100000100002200000000000000000000000000000000000000010000100200300000000220000000000001000000000000001000000000000000301000030220000300022201001000001
100000100000000000000000000000000000000000000000000010000100200000000030000000000000001000003000000001000000000000000001000000000000000022201001000001
100000100030000000000000000000000000000000000000000010000100200000000000000000000000001000000000000001000000000000000001000000000000000022231001000031
130000100002200000000000000000000000000000000000000010000100200000000000222220000000001000000000000001000030000000000001000000000000000022201001000001
100000100002200000000000000000300000000000000000000010000100200000000000222220000000001000000000000001000000000000000000000000000000000000001001000001
100000100002200000000000000000000000000000000000000010000100200000000000000000000000001000000000000001000000000000000000000000000000000300001001000001
100000100000000000003000000000000000000000003000000310000100200000000000000000000000001000000000000001000000000000000000000000000000000000001001000001
100000100000000000000000000000000000000000000000000010000100000000000000000000000000001000000000000001000000000000000003000000000000000000001001000001
100000100000000000000000000000000000000000000000000010000100000000000000000000000000001000000000000001000000000000000000000003000000000000001001000001
100000100000000000000000000000000000030000000000000010000100000000000000000000000000001300000000000001000000000000000001000000000000000000001001000301
100000100000000000000000000000000000000000000000000010000100003000000000000000300000001000000000000001000000000000000001000000000003000000001001000001
100000100000000000000000000000000000000000000000000010000000000000000300000000000000001000000000000001003000000000000001111111111111111111111001000001
130000100111111111111111111111111111000000000300000010000000000000000000000000000000001000000000000001000000000000000000000000000000000000000001000001
400000100103000000000000000000000001000000000000000013000000000000000000000000000000001000000003000001000000000000000000000000000000000000000001000001
400000100100000000000000000000000001000000000000000010000100000000000000000000000000001030000000000001000000000000003000000000000000000000000001000001
400000100100000000000000000000000001000000000000000010000100000000000000000000000000001000000000000001000000000000000000000000000000000000000001030001
400000100100000000000000022200222001030000000000000010000100000000000000000000000003001000000000000001001111111111111110000111000000000000000001000001
400000100100000000000000022200222001000000000000000010000100000000000000030000000000001000000000000001001000003000000000000001000000000000000001000001
100000100100000000000000000000222001000000022002222010000111111111111111111111111111111000000000000001001000000000000000000001000000000000030001000001
100000100100022222220300022000222001000000022002222010000003000000000000000000000000000000000000000001001000000000000000000001020000000022222001000001
100300100100000000000000022000222001000000022002222010000000022022002222220000000000000000000000000001001000000000000000000001020000000000000001000001
100000100100000000000000000003222001000000000002222010000000022022002222220000000000000000000000000001001000000000000000000001020000000000000001000001
100000100100000030000000000000000001000000022000000010000000000022002222220000000000000000000000003001001000000000000000000001320000000000000001000001
100000100100000000000000000000000001302000022000000010000000000000002222220000000000000000000000000001001000000000000000000001000000000000000001000031
100000100100000000000000000000220001002000000000000010000000000000300000000000000000000000300000000001001000000000000002222201000000000000000001000001
100000100130000000000000000000220001002000000000000010000000000000000000000000000000000000000000000001001000000030000000000001000000000000000001000001
100300100100000000022200000000220001002000000000000010030000000000000000000000000000000000000000000001001002222200000000000001000030000000000001000001
100000100100000000022200000000220001002000000030000010000000000000000000000000000000300000000000000001001000000000000000000001000000000003000001000001
100000100100000000022200000000220001002000000000000010022220000002222002202200000000000000000000000001001000000000000000000001000000000000000001000001
100000100100000000022200000000000001002000000000000010022220000002222000002200000000000000000000000001001000000000000000000001000000000000000001000001
100000100100000000300000000000000001000000000000000010000000000002222003000000000000000000000000000001001000000000000222220001000000000000000001000001
100000100100000000000000000030000000000000000000000010000000000002222000000003000000000220000000000001001000000000000000000001300000000000000001000001
100000100100000000020220000000000000000000000300000010000000000002222000000000000000000223000000000001001000000000000300000001000000000000000001000001
100000100100000000020220000000000000003000000000000010000000000002222000000000000000000000000000000301001000000000000000000001000000000000000001000001
100000100100000000000000000000000000000000002000000010000000000000000000000000000000000222002220000001001000000000222220022201022000000000030001000001
100030100100000000000000000000000000000000002000000010000000300000000000000000000000000222002220000001001000030000222220022201022000000000000001000001
100000100000000000000000000000000000000000002000000010000000000000222222300000000003000000002220000001001000000000222220000001022000000000000001000031
100000100000000030000022000000000000000000002000000010000000000000222222000000000000000000002220000001001000000000000000020031022000000000000001000001
100000100000000000000022000000000001000000002000300010000000000000222222000000000000000000000000000001001000022000000000000001022000000000000001000001
100000100100000000000000000003000001000000002000000010000000000000222222000000000000000000000000000001001000022000000000000001000000003000000001000001
100000100100300002220020000000000001000000002000000010000000000000000000000000000000000000000000000001001030022000000000000001000000000000000001000001
100000100100000002220020000000000001000003000000000010002222000000000000000000000000000000000000000001001000022000000030000001000000000000000001000001
100000100100000002220000000000000001000000000000000010002222000000202000000000000000000000030000000001001000022000000000000001000000000000000001000001
100000000100000002220000000000000031000022220022022310000000000000200000000000000000000000000000000001001000000000000000000001000000000000000001000001
100000000100000002220300000000000001000022220022022010000000000003000000000000200030000000000000000001301000000000000000000001000000000000003001000001
100000000100000000000000000000000001000022220022000010000000000000000000003000200000000000000000002201001000000000000000000001000000000000000001000001
100000100100000000000000000300000001000022220000000010000003000000000000000000200000000000000000002201001000000000000000000001000030000222220001000001
100220100111111111111111111111111111000000003000000000000000000000000000000000200000000000000000002201001100011111111111111111000000000222220001000001
100223100000000000000000000000000000030000000000000000000000000000000000000000200000000000000000002201000000003000000003000000000000000000000001000001
100220100000000300000000000000000000000000000000000000000000000000000000000000000000030000000000302201000000000000000000000000000000000000000001000001
100220111111111111111111111111111111111111111111111110000000000000000000000000000000000222220000000001111111111111110001111111111111111111111111000001
100220000000000000000000000000000000000000000000000000000000000000003000000000000000000000000000000000000000000000000000000000000000000000000000000001
100220000000000000000000000000000000000000000000000003000000000000000000000000000000000000000000000000000000000000000000000000000000000000000000000001
100000000000000000000000000000000000000000000000000000000000000000000000000000003000000000000000000000000000030000000000000000000000000000000000003001
100000000000000000000000000000000000000000003000000000000000000000000000000000000000000000000000000000000000000000000000000000030000000000000000000001
100000111111111111111111111111111111111111111111110000000000030000000011111111111111111100001111100001111111111111111111100001111111111111111111000001
100000100000000000000000000000000000000000000000000000000000000000000010000000000000000030000000100031000000000000000000000000000000000000000001000001
100000100000000222220000000000000030000000000000000010000000000000000010000000000000000000000000100001000000000000000000000000000000000000000001000001
103000100000000222220000000000000000000000000000000010000000000000000013000000000000000000000000100001000000000000011111111111111110030111111001000001
100000100000000222220000000000000000000000000000000010000000000000000010000000000000000000000000100001000000000000010000000000000000000000001001000001
100000100222230222220032222200000000000000000222000010000000000000000010000000000000000000000000100001000000000000010000030000000000000000001001300001
100000100222200000000000000000000000022000000222000010000000000000000010000000000003000000202200100001000000000000010000000000030000000000001001000001
100000100222200000000000000000000000000000030222000010000000000000000010000000000000000000000000100001000000000000010000000000000000000000001001000001
100000100222200220000000000000000000000000000000000010000300000000300010003000000000000000000000100001000000003000010000000000000000000000001001000001
100000000222200000000000000000000000322220000000000010000000000020000010000000000000000000002220100001002220000000010000000000000000000000001001000001
100003000000000000000000000000000000022220000200000310000000000000000010000000000000000000002220100001002220000000013000000000000000000000001001000001
100000000000000000000000000000000000022220000200000010000000000022000010000000000000000000032220100001002220000000010000030000000000000000001001000001
100000020222000000000000030000000000000000000000000010000000000000000010000000000000000000000000100001002220000000010000000000000000000000001001000001
100000000222000000000000000000000222222200000200000010000000000000000010000000000003000000000000100001000000000000010000000000000300000000001001000031
100300000000000000000002220000300222222200000000000010000003000022200010000000000000000000000000100301000000000000010000000000000000000030001001000001
100000100000000000030002220000000000000300000000000010000000000022200010000000000000000000000000100001002200000000010000000000000000000000001001000001
100000100000030000000000000000000000000000000000000010000000000022200010003000000000000000000000100001000000000000010000000000000000000000001001000001
100000100200000000000000000000000000000000000000000010000000000000000010000000000000000000000000100001020000000000013000000000000000002200001001000001
100000100200000000000000000000000000000000000000000010000000000000000010000000000000000000000000100001020000000000010000000000000000002200001001000001
100000100200000000000000000000000000000000000030000010000000000000000010000000000003000000000000100001020000000000010220000000000000002200001001000001
100000100200000000000000030000000000000000000000000010000000000000000010000000000000000000300000100001000000300000010220000000000000000000001001000001
100000100200000000000000000000000003000000000000000010000000000000030010000000000000000000000000100001000000000000010220003000000000000000001001000001
100000100000000000000000000000000000000000000000000010000000000000000010000000000000000000000000100001000000000000010000000000000200002022001001030001
100000103000000000000000222220000000000202200000000010000030000000000010000000000000000000000000100001000000000000010000000000003200002022001001000001
103000100000000300000000222220000000000202200000000010000000000000000010000000000000000000000000100001000222200220010222000000000200000000001001000001
100000100000000000000000222220000000000000000222022010000000000000000010000023022220000000000000100001000222200220010222000000000200000000001001000001
100000100000000000000000222220000000000000000222022010022220000000000010000020022220000000000000100001000222200220010222000000000200000300001001000001
100000100000000000000000000000030000000222200000000010000000000000000000000000022220000000000000100031000222200000013222000000000000000000001001000001
100000100000000000000000000000000000000222200000000010000000000000000000000000000000000003000000100001000222200000010000000000000000000000001001000001
100000100000000000000000220000000000000222230222000010000000300000000000000000222222002202000000100001000000000000010000000000000000002220001001000001
100000100000000000000000003000000000000222200222000010000000000000000000030000222222000000000000100001000000000000011111111111111111102220011001000001
100000100000000000000000000002222200000000000222000010300000000000000000000000222222000000000000100001000000000000000000000030000000002220000001003001
100000100000003000000000000000000000300000000000000010000000000000000010000000222222000000000000100001000000000000000000000000000000002220300001000001
100000100000000000000000000000000000000000000000000010000000000000000010000000030000000000000000100001000000000300000000000000000000000000000001020001
100300100000000000000001111111111111111111111110000010000000000000000011111111111111111111111111100301000000000000000000000000000000000000000001020001
100000100000000000000001000000000000000000000000000010000000000000000000000000000000000000000000000001001111111000011111111111111000002220200001020001
100000100000000000000001000000000000000000000002010010000000000000200000000000000000000000000000000001001000000000000000000000001000002220000001020001
100000100000000000000001000000000000000000000002010010000000000000200000000000000000000000000300000001001000000000000000000000001000000000220001020001
100000100000000000000031000000003000000000000002010010000000000300200000000000000000300000000000000001001000300000000000000000001000000000220001000001
100000100220022222200001000000000000000000000002010010000111111110200011111111111100000000000000000001001000000000000000000000031000000000220001000001
100000100220022222200001000000000020000000000002010010000100000000000000000000000100000000000000000001001000000000000300000000001000000000220001000001
100000100220022222200001000000000020000000030002010010000100000000000000000000000100000000000000000001001000000000000000000000001000000000220001000031
100000100000000000000001000000000020000000000002010010000100000000000000000000000100222220000000000001001000000000000000000000001000000000000001000001
100030100200000000000001000000000000000000000000010010000100000000000000000000000100000000000000000031001000000000000000000000001000000000300001000001
100000100000000030000001000000000000000000000000010010000100000000000003000000000100000000000000000001001000000000000002200000001000000000000001000001
100000100000000000000001000000000000000000000000010013000100000000000000000000000100030000000000000001001000000000000002200000001000000000000001000001
100000100000000222200001030000000000000000000000010010000100200000000000000000000100000000000000000001001000000000000002200000001000000000000001000001
100000100030000000000001000000000000000000000300010010000100200000000000000000000100000000000000000001001002220000300002200000001000000000000001000001
100000100000000000000001000000000000000000000000010010000100203000000000000000000100000000000000000001001032220000000002200000001000000000000001000001
102220100000000000000001000000000000000000000000010010000100200000000000000000000100000000000000000001001000000000000000000000001003000000000001000001
102220100000000000000001000000000000300000000000010010000100000220000000000000000100000000000000000001001000000000000000030000001000000000000001300001
102220100000000000000001000000000000000000000000010010000100000220000000000000000100000003000000000001001000000000000000000000001000000000000001000001
100000100022000300000001000000000000000000000000010310000100000000000000000000000100000002222000000001001000000000000000000000001000000000000001000001
130000100022000000000000000030000222002020000000010010000100000220000000000000300100000002222000000001001000030000000000000000001000000000000001000001
102200100000000000000000000000000222002000000000010010030100000220300000000000000100000002222000000001001000000000030000000000001000000000000001000001
102200100022200000000000000000000222000020000000010010000100000220000000000000000100000000000000000001001000000000000000000000001000000000000001000001
102200100022200000000000000000000222000320000000010010000100000000000000000000000100000000000000000001001000000000000000000000001300000000000001000001
100000100300000000022222000000000000000020000000010010000100000000000000000000000100000002000000000001301000000000000000000000000000000000000001000031
100000100000000000000000000000000000000020000300010010000100000222000000000000000100030002000003000001001000000000000000000000000000000000000001000001
100000100022000000000001000000000000000000000000010010300100000222000000000000000000000000000000000001001000000000000000000000000000000030000001000001
100000100022000000003001000000000000000000000000010010000100000222000000000000000000000002200000000001001000000000000000000000000000000000000001000001
100000100022000000000001003000000300000000000000010010000100000222000000000000000000000002200000000001001000000000300000000000001000000000000001000001
100000100000000000000001111111111111111111111111110010000100000000000000000000000100000000000000000001001111111111111111111111111000000000000001000001
100000100000000000000000000000000000000000000000030010000100030000000000000000000100000000030000000001000000000000000000003000000000000000000301000001
100000100000000000000000000000000000000000000000000010000100000000000000000000300100000000000000000201000000000000000000000000000000000000000001000001
100000111111111111111111111111111111110000111111111110000111111111111111111111111100000000000000000201111111111100000111111111111111111111111111000001
130000000300000000000000000000000000000003000000000000000000000000000000000000000000030000000000000200000000000000000000000000000000000000000000000001
100000000000000000000000000000000000000000000000000000000000000000000003000000000000000000000000000000000000000000000000000000000000000000000000000001
100000000000000000000000000000000000000000000000000000000000000000000000000000000000000000000000000300000000000000000000000000000000000300000000000001
400000000000000000000000000000300000000000000000000000000000000030000000222220000000000000000000000000000000000000000000000000000000000000000000000001
400000000000000000000003000000000000000000000000300000000300000000000000000000000000000000003000000000000000003000000000000000003000000000000000300001
441111111111111111111111111111111111111111111111111111111111111111111111111111111444441111111111111111111111111111111111111111111111111111111111111111
