111111111111111111111111111111111111111111111111111111111111111111111111111111111111111111111111111111111111111111111111111111111111111111111111111111
100000000000000000000000000000000000000000000000000000000000000000300000000000000000000030000000000000000000000000000000000000300000000000000000000001
100000000000000000000000300000000000003000000300000000000000000000000000000000000000000000000000000000000000000000000000000000000000000000000000000001
100300000000000000000000000000000000000000000000000000000000000000000000000000000000000000000000000000000000000000000000000000000000000000000000000001
100000222000000000000000000000300000000000000000000000003000000000000000000000030000000000000000003000000000000000300000000000000000000000000000000001
100000222000000030000000000000000000000000000000000000000000000000000000000000000000000000000000000000000000000000000000000000000000003000000000000001
100000000000000000000222000000000000000002200222000000000000011111111111111111111111111111111110000111111111111111111111111111111111111111111111030001
100000003000000000000222000002200000000002200000000000000000010000000000000000000000000000000010000100000000300000000000000000000000000000000001000001
100000222000000000000222300002200000000002200300000000000000010000003000000000000000000000000010000100000000000000000000000000000000000000000001000001
100000000000000000000222000002200000000000000022220000000000010010000001111100001100000011110010000100111111111111111000000000000000000000000001000001
100000000000000000000000000002200000000002000000000000000000010010000000000100001000000030010010000100100000000000001000300000000000000000000001000001
100000200000032222200000000000000300000000000000000000000000310010000000000100001000000000010010000100100000000003001000000000000000000000000001000001
100300200000002222200222000000000000000000000000000000000000010010000000000100001000000000010010000100000000000000001000000000003000000000000001000031
100000000000000000000222000000000000000000000000030000000000010010020000000100001000000000010010300100000000000000001000000002022002000022222001000001
100000000000000000000000000000220000000000000000000000000000010010020000300100001300000000010010000100000000000000001000000000022002000022222031000001
100000000000000000000000000000220000030000300000000000000000013010020000000100001000000000010010000100000000000000001000000000022002000000000001000001
100000000000000000000000000000220000000000000000000000000000010010000000000100001000000000010010000100000000000000001000000000000002000000000001000001
100000000000000000000000000000220000000000000000000000000000010010000000000100001000000000010010000100103000000000001000000000000002000020220001000004
100000000000000022300000000000220000000000000000000000000000010010022000000100001000000000010010000100100000000000001000003000000000000020220001000004
100000003000000022000000000000000000000000000000000000222200010010000030000130001000030000010010000100100000000030001000000000000000000003000001000004
100000000000000022000000000000000000000000000000030000222200010010000000000100001000000000010010000100100000000000001000000000000000000000000001000001
100000000000000022000000000030000000003000000000000000222200010010000000000100001000000000010310000100100000000000001000000000000000000000000001000001
100000000022200022000000000000000000000000000000000000000000010010000000000100001000000000010010000100100000000000001000000000000000000000000001000001
100000000022200000000000000000000000000000000000000000000000010310000000000100001000000000010010000130100000000000001000000000000030000000000001000001
100000000000000000000000000000000000000000000000000000220220010010000000000100001000000000010010000100100000000200001000000000000000000000000001000001
103000000000000000002200220000000000000000000000000000220220010010000000000100001000000000010010000100100000000003001000000000000000000000000001000031
100000000000000030000000220000000000000000000300000030220000010010000020000100001000000000010010000100100222200220001000000000000000000000000001000001
100000002200220220000000220000000000000000000000000000000000010010000020000103001000000000010010000100100222200000001000000000000000000000000001000001
100000002200220220000000300000000222220000000000000000000000010010000020000100001000000000010010000100100030000000001000300000000000000000000001000001
100000002200220000000000000000000000000030000000000000000000010010000320000100001000000000010010000100100000000000001000000000000000000000000001000001
100000000000000000000000000000000000000000000000000000000000010010000020000100001000030000010010000100100000000000001000000000000000000000000001030001
400000000000000000000000000000000000000000000000000000000000010010000000000100001000000000010010000100100000000000001000000000000000000000300001000001
400000000000300000000000000000030000000000000000000000000000000010000000000100001000000000010010000100100000000222001000000000000000000000000001000001
430000000000000000000000000000000000000000000000000000000000030010000000000100001000000000010010000100100000000222001000000000003000000000000001000001
100000000000000000000000000000000000000000000000003000000000000010000000000100001000000000010010003100100000000000001000000000000000000000000001000001
100000000020000222020000000000000000000000000000000000000222200010000000000100001000000000010010000100100000000000001000000000000000000000000001000001
100000000000000222000000000000000000032222222000000000000000000011111111111100001111111111110010000100100000000000001000000000000000000000000001000001
100002220020000000000003000000000000000000000000000000000000000000000000000000000000000000000010000100100000003000001000000000000000000222220001000001
100000000020000300000200000000000000000000000000000000000000010000000000000000000003000000003010000100130000000000001000000000000000000222220001000001
100000000000000222000000000000000000000000000000000000000000010000000000030000000000002200000010000100100000000000001030000000000000000000000001000001
100000000000000222000200000003000000000000030000000003000000010000000000000000000000002200000010000100111111111111111000000000000000222222200001300001
100000003000000000000200000000000000000000000000000000000000010000000000000000000000002200000010000100000000000000000000000000000000222222200001000001
100000000000000000000000000000111111111111111111111111111000010000000000000000000000002200000010000100000000000000000000000000000000300000000001000001
100000000000000000000000000000100000000000000000000000001000013000000222220000000000000000000010000100000020000000000000000000000000000000000001000001
100000000000000000000222030000100000000000000000000000001000010000000222220000000000000300000010000100000020000000000000000000000000000000000001000001
100000000000000000000000000000103000000000000220022200001000010000003000000000000000000000000010000100000023000000000000011111111111111111111001000001
130000000000000000000000000000100000000000000220022200001000010000000000000000000000000000000010000100000020000000000000010000000000000000001001000001
100000000000000000000000000000100000000300000220000000001000010000000000022000000000000000000010000100000020000000000000010000000000000000001001000001
100000000000000300000000000000100000000000000000020000001000010000000000022300000000000000000310000100000000000000000003010000030000000000301001000001
100000000000000000000000000000100000000000000000000000001030010000000000022000000000000000000010000100000000002202200000010000000000000000001001000001
100000000000000000000000000000100000000000000000000000001000010000000000000000000000000000000010000100000000002202200000010000000000000000001001000001
100000000000000000000000000000100000000000000000000000001000010000000000000000000000000300000010000030000000000002200000010000000000000000001001000001
100000000000000000000000000000100000000000000000000000001000010000000002020000000000000000000010000000000000000000000000010000000220220020001001000301
100000000000000000000000000000100000300000000003000000001000010022220000020000000000000000000010000000000300000000000000010000000000220020001001000001
100000003000003000000030000000100000000000000000000000001000010022223000000000000300000000000010000000000000000002222200010000000000000020001001000001
100000000000000022220000000000100000000003000000000000001000010000000000000000000000000000000010000000000000000002222200010000000222000020001001000001
100000000000000000000000000000100000000000000000000000001000010000000000000002222200000000000010000000000000003002222200010000000222000020001001000001
100000000000000000000000000000100000000222220000000000001000010000000000000000000000000000000010000100000000000000000000010000000222000020001301000001
100000000000000000000000000000100000000222220000000000031000010000000002222222000000000000000010000100000000000000000000010000000030000020001001000001
100000000220020000000000000000100000000000000000000000001000010000000002222222000000000000000010000100000000000000222000010000000000000000001001000001
100000000000020003000000000003100003000000000000000000001000010000000000000000000000000000300010000100000000000000222000010300000000000000001001000001
100000000223020000000000000000100000000000000000000000001000013000000300000000000000000000000010000100000030000000000000010000000002222200001001000001
100000000220000000000000000000100000000000000000300000001000010000000000000000000000000000000010000100000000000000000000010000000002222200001001000001
100000000000000022200000000000100000022203000000000000001000010000000000000000000223222000000010000100000000000000222220010000000002222200001001000001
100000000000000022200000000000100000022200000000000000001000010000000000000000000220222000000010000100000000000000000000010000000000000000001001000001
100000000000000000000000000000100000022200222002222000001003010000000002222230000000000000000010000100000022200000000000010000000300000000001001300001
100000000000000000000000000000100000000000222002222000001000010000000000000000000000000000000010000100000000000000000000010000000002220200001001000001
100000300000000002022302200000100000000000000000000000001000010000000000000000000000222200000010000100000000000000000000010000000002220000001001000001
100000220000000000000002203000100022020000000000000000001000010000000000000000000000222200000010000103000022022000000030010000000000000000001001000001
100000220000030000000002200000100022020000000000000000001000010000000000000000000000222200000010000100000000022000000000010000000000000000001001000001
100000000000000000000002200000130000000000000000000000031000010000300000000000000000000000000010000100000000030000000000010000000000000000001001000001
100000222000220222002200000000100000000000000300000000001000010002222000000000000000000300000010000100000000000000000000011111000000111111111001000001
100000222000220222002200000000100000000000000000000000001000010000000000000000000000000000000010000100000000000000000000000000030000000000030001000001
100000000000000000002200000000100000000000000000000000001000010000000000000000000000000000000010000100000000000000000000000000000000000000000001000301
100000000000000000002200000000111111003001111111111111111000011111111111111111111111111111111110000111111111111111111111111111111111111111111111000001
100000220000000000002200000000000000000000000000000000000000000000000000000000000000000000000000000000000000000000000000000000000000000000000000000001
100000220000000000000000000000000000000000000000003000000030000000003000000000000300000000000000000003000000000000030000000000000000000000000000000001
100000220000000000000000000000000000000000000000000000000000000000000000000000000000000000000300000000000000000000000000000000000000030000000022000001
103000220000003000000000000000000000000000000000000000000000000000000000003000000000000000000000000000000000000000000000000000000000000000000022000001
100000000000000000000000030000011111000001111111111111111000011111111111111111111111111111111110000111111111111111111110000000000000022000220022000001
100000002202200222000000000220010300000300000000000000001000010000000000000000000000000000000010000100000030000000000010000000000000000000220022000001
100000002200000222000000000220010000000000000000000000301000010000000000000000000000000000000010000100000000000000000013000000000000000000220000030001
100000000000000222000000000220010000000000000000000000001000010011111111110000000000000000000010000100000000000000000010000000000000022200220000000001
100000000000000222000000000220010000000000000000000000001000010010000000010000000000030000000010000100000000000000000010000000000000022200220000000001
100000000000000222000000000220010000000000000000000000001000010010000000010000220022000000000010000100000000000000000010000000000000022200220000000001
100022000000000000000022220220010000000000000003000000001000310010000300010000220000000000000013000100000000000000000010000000000000000030220000000001
100022000000000000000022220220010300000000000000000000001000010010020000010000223022000000000010000100000000002002200010000000300000000000000000000001
100022000000000000003000000000010000000000000000000000001000010010020000010000000022000000000010000100200000002002200010000000000000000000000000000001
100022000000000000000000000000010000000300000000000000001000010010020000010000000022000000000010000100000000002000000010000000000000000000000000000031
130022000000000000000000000000010000000000000000000020001000010010000000010000000022000000000010000100222002002302200010000000000000000000000000000001
100022000300000000000000000000010000000000000000000020001300010010000000010000000022000000000010000100222002002002200010000000000000000000000000000001
100022000000000000000000000000010000000000003000000020001000010013000000010000000000000000000013000100000002002002200010000000000000000000000000000001
100000000000020222002222000000010000000000000000000020001000010010000000010000000003000000000010000130000002002000000010000000022220022200000000000001
100000000000000222002222000000010000000000000000000020001000010010000000310000000000000003000010000100000030000000000000000000022220022200000000000001
100000000000000000002222000000010000000300000000000000001000010010000000010000000000000000000010000100000000000002220000000000022220000300000003000001
100000000000000000000000030000010000000000000000000000001000010010000000010000000000000000000010000100000200000002220000000000300000022000000000000001
100000000030000000000000000000010000000000000000000000001300010010000000010000000000000000000010000100000200000002220000000000000000022000000000000001
100000000000000000000000000000010000000000000000000000001000010010000000010000000000000000000010000100000200000002220010000000000000000000002202200001
100000000000000000000000000000010000000000000000002200001000010010000220010000000000000000000010000100030200000000000010000000000000000000002202200001
100000000000000000000000000000010000000000000000002200001000010010000220010000000000000000000010000100000200000000000010030000000000000000000002200001
100000000000000000000000000000010000000000000000002200001000010010030220010002222002202000000010000100000000000000000010000000000000000000000000000001
100000300000000000000000000000010000000000000000002200001000010010000220010002222000000000000010000100000000000000000010000000000000222200000000000001
100000000000000000000000000000010000000300000000000000001000000010000000010302222000000000000010000100000000000300000010000000000000000030000002200001
100000000000000000300000000000010300000000000000300000001000000010000000010000000000000000000013000100000000000000000010000000000000000000000002200301
100000000000000000000000000000010000000000000002202200001030000010000000010000000000000000000010000100000000000000000010000000000000000000000002200001
100000000000000000022200000000010000000000000002202200001000000010000000010000000000030000000010000100000000000000000010000000000000000000000000000001
100000000000000000022200000000010000000000000000002200001000010010000000010000200000002000000010000130000000000000000010000000000000000000000000000001
100000000000000000022200030000010000000000000000000000001000010010000000010000000000002000000010000100000000000000000010000000000000000000000000000001
100000000000000000022200000000010000003000000000000000001000010010000001110000222000002000000010000100000000000000000010000000000000000000000000020001
100000000000000200000000000000011111111111111111111111111000010000000000000000222000002000000010000100000000000000030010000000030000000000000000020001
103000000000000203000000000000000000000000000000000000000000010000000000000000000000002000000010000100000000000000000010000000000000000300000000023001
100000000000000200020200000000000000000000000000000000000000010030000000030000000000002000000010000100000000000000000010000000000000000000000000020001
100002000000000200020000000000000000000000000000000003000000010022200220200000222200002000000010000111111111111111111110000202220000200000000000020001
100002000003000000000000000000000000000000000000000000000000010022200000000000222200000000000010000000000000000000000000000002220000200000000000000001
100002000000000000000000000000000000000000000000000000000000010022200000000000000000000000030010000000000000000000000000000000000000200000000300000001
100002000000000222022000000000000000000000000000000000000000010000000022200000000000000000000010000000300000000000000000020000000000000000000000000001
100002000000000222022000000003000000000000000000000000000000010000000022200000000000000000000010000000000000000300000000020002222200000000000000000001
100002000000000000000000000000000000000000030000000000000000010000000022200000003000000000000010000111111111111111111110000002222200000300000222000001
100002000000000003000000000000000000000002222222000000000220010000000000000000000000000000000010000100000000000000000010000002222200000000000222000001
100030002222200222000000000000000000000002222222000000030000010000000000300000000000002020000010000100000000000000000010022000000000000000000222000001
100000000000000222000000000000000000000000000003000000000000010030002022200000000000002000000010000130000000000000000010022000000000000000000000000001
100000000000000000000000000300000000000000000000000000000220010000000022200000000000000000030010000100000000000000000010022000030000000000000000000001
100000000000000200000000000000000000000000000000000000000220010000000000000000000000000000000010000100000000000000000010000000000222200000000220200001
100000000000000000000000000000003000000000030000000000000220010000000000000000000000002222000010000100000000000000000010000022000000000000000220000001
100000000000000000000000000000000000000000000000000000000220010000000000000000000000002222000010000100000000300000000010000022000000000000000220000031
100000000000000000000000000000000022200000000022220000000220010000000002020000000000000000000010003100000000000000000013000022000220000000000000000001
100000000000000000000003000000000000000000000000000000000000010000000002000000030000000000000010000100000000000000000010000022000000000000000000000001
100000000000000000000000000000000000000000000000000000000000010000000000000000000000000000000010000100000000000000000010000000002000000000000000000001
100000000000000000000000022020002022000000000000000000000000010000300000300000000000000022000010000100000000000000000010000000002000300000000000000001
100302200003000000000000022000000000000000000000000000300000010000000002200000000000000022000013000100000000200000000010000000002000000000000000000001
100002200000000000000000022000000000000003000000000000000000010000000002200000000000000022000010000100000000000000000010000000000000000000000000000001
100002200000000000000000000003000000000000000000002222222000010000000002200000000000300022000010000100000200200000000010000000000000000000000000000001
100002200000000000000000000000000000000000000000000000000000010000000002200000000000000022000010000100300200202022000010000000002000000000000222000001
100000000000000000000000022200000000000000000000000000000000010000000000000000000000000022000010000100000200000022000010000000002000000000000000000001
100000000000000000030000000000222002000000000000000000000003010000000000000000000000000022000010000100000200000022300010000000000000300000003000000001
100000000000000000000000000000222002000000000000000000000000010000000000003000000000000000000010000000000200000000000010000300000000000000000000000001
100022222002202200000000000000000002003000000000000000000000010000000000000000000000000000000010000000000000000000000010000000000000000000000000000001
130000000000002200000000000000220000000000000000003000022020010000000000000000000000000000000010030000000000000022220010000000000000000000000000000001
100000000000000000000000000000220000000000000000000000000000010000000000000000000000000000000010000000000000000022220010000000000000000002020022000001
100000000000030000000000000000000000000000000000000000000000010000000000000000000000000000300010000100000000000000000010000000000000000000020022000001
100000000000000000220000000300000220000000000000000000022223010000003000000000000000000000000010000100000000000000000010000000000000000000300022000001
100000000000000000220000000000000220000000000000000000022220010000000000000000000000000000000010000100000000000000000010000000000000000000000022000001
100000000000000000220000000000000220000000000000000000000000010000000000000000003000000000000010000100000000000000000010000000000000000000000022000001
100000000000000000220000000000000220000000000000000000000000011111111111111111111111111111111110000111111111111111111110000000000000000000000000000001
100000000000000000220000000000000220000000000000300000000000000000000000000000000000000000000000000000003000000000000000000300000000000000000000000001
100030000000000000000000000000000000000030000000000000000000000000000000000300000000000003000000000000000000000000000000000000000000000000000000030001
100000000000000000000000000300000000000000000000000000000000000000000000000000000000000000000000300000000000000030000000000000000000000000000000000001
100000000000000000000000000000000000000000000000000000000030000000000000000000000000000000000000000000000000000000000000000000000000000300000000000001
100000000000000003000000000000000000000000000000000000000000000000000030000000000000000000000000000000000000000000000000000000000000000000000000000001
111111111111111111111111111111111111111111111111111111111111111111444411111111111111111111111111111111111111111111111111111111111111111111111111111111
