111111111111111111111111111111111111111111111111111111111111111111111111111111111111111111111111111111111111111111111111111111111111111111111111111111
100000000000300000000000300000000000000000000000000000000000030000000000000000000000000000000000000000030000000000000000000000000000000000000000000001
100000000000000000000000000000000003000000000000000030000000000000000000000000030000000000000000000000000000000000003000003000000003000000000030000001
100000000000000000000000000000000000000003000000000000000000000000000000003000000000000030000000000000000000000000000000000000000000000000000000000001
100000222000000000000000000000000000000000000000000000000000000000000000000000000000000000000000000000000000000000000000000000000000000000000000000001
100000222000000000000000000000000000000000000000000000000300000000000000000000000000000000000000000000000000000000000000000000000000000000000000000001
100000000000000000000222000000000000000002200222000000000000011111111111111111111111111111111110000111111111111111111111111111111111111111111111000001
100000000000000000000222000002200000000002200000000000000000010000000000000000000000000000000010000100000000000000000000000000000000000000000001000001
100000222000000000000222000002200000000002200000000000000000010000000000000000000000000000000010030100000000000000000000000000000000000000000001000001
100000000000000300000222030002200000000000000022223000000000010010000001111100001100000011110010000100111111111111111000000000000000000000000001000301
100300000000000000000000000002200000000002000000000000003000010010000000000100001300000000010010000100100000030000001000003000000000030000000001000001
100000200000002222200000000000000000000000000000000000000000010010000000000100001000000000010010000100100000000000001000000000000000000000000001000001
100000200000002222200222000000000000000000000000000000000000010010300000000100001000000000010010000100000000000000001000000000000000000000000001000001
100000000000000000000222000000300000000300000000000000000000010010020000000100001000000000010010000100000000000000001000000002022002000022222001000001
100000000000000000000000000000220000000000000000000000000000010010020000000100001000000000010010000100000000000000001000000000022002000022222031000001
100000000000000000000000000000220000000000000000000000000030010010020000000100001000000000010010000100000000000000001000000000022002000000000001000001
100000000000000003000000000000220000000000000000003000000000010010000000000100001030000000010010000100000000000000001000000000300002000000000001000031
100000000000000000000000000000220000000000000000000000000000010010000000000100001000000000010010000100100000000000001030000000000002000020220001000004
100000000000000022000000000000220000000000000000000000000000010010022000000100001000000030010010000100100000000000001000000000000000000320220001000004
100000000300000022000000000000000000000000300000000000222200013010000000000130001000000000010010000100100000300000001000000000000000000000000001000004
100000000000000022000000000000000000000000000000000000222200010010000000000100001000000000010010000100100000000000001000000000000000000000000001000001
100000000000000022000000000000000030000000000000000000222200010010000000000100001000000000010010000100100000000000001000000000000000000000000001000001
100000000022200022000000000000000000000000000000000000000000010010000000000100001000000000010010300100100000000000001000000000000000000000000001000001
100000000022200003000000300000000000000000000003000000000000010010000000000100001000000000010010000100100000000000001000000300000000000000030001000001
100000000000000000000000000000000000000000000000000000220220010010000000000100001000000000010010000100100000000200001000000000000000000000000001000001
100000000000000000002200220000000000000000000000000000220220010010000000000100001000000000010010000100100000000000001000000000000000000000000001000001
100000000300000000000000220000000000000000000000000000220030010010030020000100001030000000010010000100100222200223001000000000000000000000000001000001
100000002200220220000000220000000000000000000000000000000000010010000020000100001000000003010010000100100222200000001000000000000000000000000001000001
100000002200220220000000000000000222220000000000000000000000010010000020000100001000000000010010000100100000000000001000000000000000000000000001300001
100000002200220000000000000000000000000000000000000000000000010010000020000100001000000000010013000100103000000000001000000000000000003000000001000001
100000000000000000000000000000000000030000000000000000000000010010000020000100001000000000010010000100100000000000001000000000000000000000000001000001
403000000000000300000000000000000000000000000000000000000000010010000000000100001000000000010010000100100000000000001000003000000000000000000001000001
400000000000000000000000000000000000000000000000000000000000000010000000003100001000000000010010000100100000000222001000000000000000000000000001000001
400000000000000000000000000000000000000000000000000000000000000310000000000100001000000000010010000100100000000222001000000000000000000000000001000001
100000000030000000000000003000000000000000000000000000000000000010000000000100001000300000010010000100100000000000001000000000000000000000000001000001
100000000020000222020000000000000000000000000000000003000222200010000000000100001000000000013010000103100000300000001000000000000300000000000001000001
100000000000000222000000000000000000002222222000000000000000000011111111111100001111111111110010000100100000000000001000000000000000000000000001000001
100002220020000000000000000000000000000000000000000000000000000000000000000000000000000000000010000100100000000000001000000000000000000222220001000001
100000000020000000000200000000000000000003000000000000000000010000000000000000000000000000000010000100100000000000001000000000000000000222223001000001
100000000000000222000000000000000003000000000000000000000030010000003000000000000000002200000010000100100000000000001000000000000000000000000001003001
100000000000000222000200000000000000000000000000030000000000010000000000000000000000002200000010000100111111111111111003000000000000222222200001000001
100000000000000000000200000000000000000000000000000000000000010000000000000030000000002200000010000100000000000000000000000000000000222222200001000001
100000000000000000000000000000111111111111111111111111111000010000000000000000000000002200000010000100300000003000000000000000000000000300000001000001
100000000000000000000000000000100000000000000000000000001000010000000222220000000000000000000010000100000020000000000000000000000000000000000001000001
100000000000000000003222000000100000000000000000000000001000010000000222220000000000000000030010030100000020000000000000000000000000000000000001000001
100000000300000000000000000000100030000000000220022200001000010000000300000000000000000000000010000100000020000000000000011111111111111111111001000001
100000000000000000000000000000100000000000000220022200001000010000000000000000000000000000000010000100000020000000000300010000000000000000001001000001
100000000000000000000000000000100000000000000220000000001000010000000000022000000000000000000010000100000020000000000000010000000000030000001001030001
100000000000000000000000000300100000000003000000020030001000010000000000022000000000000300000010000100000000000000000000010000000000000000001001000001
130000000000000000000000000000100000000000000000000000001000010000000000022300000000000000000010000100000000002202200000010000000000000000001001000001
100000000000000000000000000000100000000000000000000000001000010000000000000000000000000000000010000100300000002202200000010003000000000000001001000001
100000000000000000030000000000100000000000000000000000001000010000000000000000000000000000000310000000000000003002200000010000000000000000001001000001
100000000000000000000000000000100000000000000000000000001000013000000002020000000000000000000010000000000000000000000000010000000220220020001001000001
100000000000000000000000000000100000000000000000000000001000010022220000020000000000000000000010000000000000000000000000010000000000220020001001000031
100000000000000000000000000000100000000000000000000000001000010022220000000000000000300000000010000000000000000002222200010000000000000020001001000001
100003000000000022220000000003100000030000000000000000301000010000000000000000000000000000000010000000000000000002222200010000000222000020001001000001
100000000000000000000000000000100000000000000000000000001000010000000000000002222200000000000010000000000000000002222200010000000222000020001001000001
100000000000000000000000000000100000000222220000000000001000010000000000000000030000000000000010000100000000000000000000010000000222000020001001000001
100000000000000000300000000000100000000222220000000000001000010000000002222222000000000000000010000100000000000000000000010000300000000020001001000001
100000000220020000000000000000100000000000000000000000001003010000000002222222000000000000003010000100000300000000222000010000000000000000001001000001
100000000000020000000000000000100000000000000300000000001000010000000030000000000000000000000010000100000000000000222003010000000000003000001001000001
100000000220020000000000000000100000000000000000000000001000010000000000000000000000000000000010000100000000000000000000010000000002222200001001000001
100000000220000000000000000000100000300000000000000000001000010000000000000000000000000000000010000100000000000000000000010000000002222200001001000001
100000000000000022200000003000100000022200000000000000001000010000000000000000000220222000000010000100000000000000222220010000030002222200001001000001
130000000030000022200000000000100000022200000000000300001000010000000000000000000220222000000010000100000000000000000000010000000000000000001001000001
100000000000000000000000000000100000022200222002222000001000010000000002222200000000000000000010000100000022200003000000010000000000000000001001300001
100000000000000000000000000000100000000000222002222000001000013000000000000000000000300000000310000100030000000000000000010000000002220200001001000001
100000000000000002022002200000100000000000000000000000001000010000000000030000000000222200000010000100000000000000000000010000000002220000001001000001
100000220000000003000002200000100022020000000000000000001000010000000000000000000000222200000010000100000022022000000000010000000000000000001001000001
100000220000000000000002200000100022020000000000000000001000010000000000000000000000222200000010000100000000022000000000010030000000000000001001000001
100000000000000000000002200000103000000000000000000000001000010000000000000000000000000000000010000100000000000000000000010000000000000000001001000001
100003222000220222002200000000100000000000000000000000001000010002222000000000000000000000000010030100000000300000000000011111000000111111111001000001
100000222000220222002200000000100000000000030000000000001000010000000000000000030000000000000010000100000000000000000000000000000000000300000001003001
100000000000000000002200000000100000000000000000000003001000010000000000300000000000000000000010000100000000000000000000000000000000000000000001000001
100000000000000000002200000300111111000001111111111111111000011111111111111111111111111111111110000111111111111111111111111111111111111111111111000001
100000220000300000002200000000000000000000000000000000000000000000000000000000000000000000000000000000300000000000000000000000000000000000000000000001
100000220000000000000000000000000000000000000000000000000000000000000000000000000000000003000000000000000000000000000000000000000000000000000000000001
100000220000000000000000000000000000000000000000000000000000000000000000000000000000000000000000000000000000000300000000000000000000000000000022000001
100000220000000000000000000000000000000000000000000000000000000300000000000000000000000000000000000000000000000000000000000000000000000000000022030001
100000000000000000003000000000311111300001111111111111111000011111111111111111111111111111111110000111111111111111111110030000000000022000220022000001
100030002202200222000000000220010000000000000000000000001000010000000000000000300000000000000010000100000000000000000010000000000000000000220022000001
100000002200000222000000000220010000000000000000000000001000010000000000000000000003000000000010000100000000000000000010000000000000000000220000000001
100000000000000222000000000220010000000000000000000000001000010011111111110000000000000000000010000100000300000000000010000000000000022200220000000001
100000000000000222000000000220010000000000000030000000001000010010030000010000000000000000000010000100000000000000000010000000000000022200220000000001
100000000000000222000030000220010000000000000000000000001000010010000000010000220022000000000010000100000000000000000010000000000300022203220000000001
100022000000030000000022220220010000000000000000000000031000010010000000010000220000000030000010003100000000000000000010300000000000000000220000000001
100022000000000000000022220220310000000000000000000000001000010010020000010000220022000000000010000100000000002002200010000000000000000000000000000001
100022000000000000000000000000010000000000000000000000001000010010020000010000000322000000000010000100200000002002200010000000000000000000000000000001
100022000000000000000000000000010000000000000000000000001000010010020000010000000022000000000010000100000000002000000010000000000000000000000000000301
103022000000000000000300000000010000000000000000000020001000010010000000010000000022000000000010000100222002002002230010000000000000000000000000000001
100022000000000000000000000000010000003000000003000020001000010010000000010000000022000000000010000100222002002002200010000000000000000000000000000001
100022000000000000000000000000010000000000000000000020001000010013000000010000000000000000000010000100000002002002200010000000000000000000000000000001
100000000000020222002222000000010000000000000000000020001000010010000000010003000000000000000010000100000002002000000010000000022220022203000000000001
100000000000000222002222000300010000000000000000000020001000010010000000010000000000000000000010030100000000000000000000300000022220022200000000000001
100000000000000000002222000000010000000000000000000003001000010010000000010000000000000000000010000100003000000002220000000000022220000000000000000001
100000000000000000000000000000010000000000000000000000001000010010000000010000000000000000000010000100000200000002220000000000000000022000000000003001
100000000000000000000000000000010000000000000000000000001000010010000000010000000000000300000010000100000200000002220000000000000000022000000000000001
100000000000000000000000000000013000000000000000000000001000010010000000010000000000000000000010000100000200000002220010000003000000000000002202200001
100030000000000300000000000000010000000000000000002200001000010010000220010000300000000000000010000100000200000000000010000000000000000000002202200001
100000000000000000000000000000010000000030000000002200001000010010000220010000000000000000000310000100000200000000000010000000000000000000000002200001
100000000000000000000000000000010000000000000000002200001000010010000220010002222002202000000010000100000000000000000010000000000000000000000000000001
100000000000000000000000000000010000000000000000002200001000010013000220010002222000300000000010000100000000000000000010000000000000222200000000000001
100000000000000000000000300000010000000000000000000000031000000010000000010002222000000000000010000100000000000000000010000000000300000000000002200001
100000000000000000000000000000010000000000000000000000001000000010000000010000000000000000000010000100000000000000000010030000000000000000000002200001
100300000000000000000000000000010000000000000002202200001000000010000000010000000000000000000010000100000000000000000010000000000000000030000002200301
100000000000000000022200000000010000000000003002202200001000000010000000010000000000000000000010000103000000000000000010000000000000000000000000000001
100000000000000000022200000000013000000000000000002200001000010010000000010000200000002000000010000100000000000300000010000000000000000000000000000001
100000000000000000022200000000010000000000000000000000001000010010000000010000000000002000000013000100000000000000000010000000000000000000000000000001
100000000000000000022200000000010000000000000000000000001000010010000001110000222000002000000010000100000000000000000010000000000000000000000000020001
100000000000000200000000000000011111111111111111111111111000010000000000030000222000002000000010000100000000000000000010000000000003000000000003020001
130000000000000200000000000000000000000000000000000000030000010000000000000000000000002003000010000100000000000000000010000000000000000000000000020001
100000000000300200020200000000000000000000000000000000000000010030000000000000000000002000000010000100000000000000000010000000000000000000000000020001
100002030000000200020000000000000000000000000000000000000000010022200220200000222203002000000010000111111111111111111110000202220000200000000000020001
100002000000000000000000030000000000000000000000000000000000010022200000000000222200000000000010000000030000000000000000000002220000200000000000000031
100002000000000000000000000000000000000000000000000000000000010022200000000000000000000000000010000000000000000000000030000000000000200000030000000001
100002000000000222022000000000000000000000300000000000000000010000000022200000000000000000000010000000000000000000000000020000000000000000000000000001
100002000000000222022000000000000000000000000000000000000000010000000022203000000000000000000310000000000000000000000000020002222200000000000000000001
100002000000000000000000000000000000000000000000000000000000010000000022200000000000000000000010000111111111111111111110000002222200000000000222000001
100002000000000000000000000000000000000002222222000000000220010000000000000000000000000300000010000100000000000000000010000002222200000000000222000001
100000002222200222000000000000000000000002222222003000000030010000000000000000000300002020000010000100000000000000000010022000030000000000000222000001
100000000000000222000000000000000000000000000000000000000000010000002322200000000000002000000010000100000000000000000010022000000000000300000000000001
100000000000000000000000000000000030000000000000000000000220010000000022200000000000000000000010000100000000000300000010022000000000000000000000000001
100000000000000200000000000300000000000000000000000000000220010000000000000000000000000000000010000100000000000000000010030000000222200000000220200031
100000000000000000000000000000000000000000000300000000000220010000000000000000000000002222030010003100000000000000000010000022000000000000000220000001
100000300000000000300000000000000000000000000000000000000220010000000000000000000000002222000010000100000000000000000010000022000000000000000220000001
100000000000000000000000000000000022200000000022220000000220010000000002020000000000000000000010000100000000000000000010000022000220000000000000000001
100000000000000000000000000000000000000000000000000000003000010000000002000000000000000000000010000100000000000000000010000022000000000003000000000001
100000000000000000000000000000000000000000000000000000000000010300000000300000000000000000000010000100000000000000003010000000032000000000000000000001
100000000000000000000000022020002022300000000000000000000000010000000000000000003000000022000010000100000000000000000010000000002000000000000000000001
103002200000000000000000022000000000000000000000000000000000010000000002200000000000000022000010000100300000200000000010000000002000000000000000000031
100002200000000000030000022000000000000000000000000000000000010000000002200000000000000022000010000100000000000000000010000000000000000000000030000001
100002200000000000000000000030000000000000030000002222222000010000000002200000000000000022003010000100000200200000000010000000000000000000000000000001
100002200000300000000000000000000000000000000000000000000000010000000002200000000000000022000010000100000200202022000010003000002000000000000222000001
100000000000000000000000022200000000000000000000000000000000010000000000000000000000300022000010000100000200000022000010000000002000000000000000000001
100000000000000000000000000000222302000000000000000000000000010000000000300000000000000022000010000100000200000022000010000000000000000000000000000001
100000000000000000000030000000222002000000000000000300000000010000000000000000000000000000000010000000000200000000000010000000000000000000000000000001
100022222002202200000000000000000002000000000000000000000000310000000000000000000000000000000010000000000300000000000010000000000000000000000000000031
100000000000002200000000000000220000000000000000000000022020010000000000000000000000000000000010000000000000000022220010000000000030000000030000000001
130000000030000000000000000000220000000000000000000000000000010000000000000000000000000000000013000000000000000022220010000000000000000002020022000001
100000000000000000000000000000000000000000000000000000000000010000000000000000000000000000000010000100000000000000030010000000000000000000020022000001
100000000000000000220000000000000220000000000000000000022220010000000000000000000000000003000010000100000000000000000010000000000000000000000022000001
100000000000000000220000000000000220000000030000000000022220010000000000000030000000000000000010000100000000000000000010000000000000000000000022000001
100000000000000000220000000000000223000000000000000000000000010000000000000000000000000000000010000100000000000000000010000000000000000000000022000001
100000000000000000220000000000000220000000000000000000000000011111111111111111111111111111111110000111111111111111111110000000000000000000000000000001
100000000000000300220000000000000220000000000000000000000000300000000000000000000000000000000003000000300000000000000000000000000000030000000003000001
100000000000000000000000003000000000000000000000000000000000000000000300000000000000000000000000000000000000000000000000000000000000000000000000000001
100000000000000000000000000000000000000000000000000000000000000000000000000000000000000300000000000000000000000000000000000300000000000000000000000001
100000000030000000000000000000000000000000000000030000000000000000000000000000003000000000000000000000000000000000000000000000000000000000000000000001
100300000000000000000000000000000000003000000000000000000000000000000000000000000000000000000000000000000000300000000000000000000000000000000000000001
111111111111111111111111111111111111111111111111111111111111111111444411111111111111111111111111111111111111111111111111111111111111111111111111111111
