111111111111111111111111111111111111111111111111111111111111111111111111111111111111111111111111111111111111111111111111111111111111111111111111111111
100300000000000000000000000000000000300000000000000000000000000000000000000000000000000000000000000000000000000000000000300000030000000000000000000001
100000000000000000000000000000000000000000000000000000000000000000000000000000000030000000000000000000000000000300000000000000000000000000003000000001
100000000000000003000000000000000000000000003000000000000000000000000000000030000000000000000000000000000000000000000000000000000000000000000000000001
100000222000000000000000000000000000000000000000000000003000000030000000000000000000000000000000000300000000000000000000000000000000000000000000000001
100000222000000000000000000000000000000000000000000000000000000000000000000000000000000000030000000000000030000000000000000000000000000000000000000001
100000000000000000000222000000000000000002200222000000000000011111111111111111111111111111111110000111111111111111111111111111111111111111111111000001
100000000000000000000222000032200000000002200000000000000000010000000000000000000000000000000010000100000000000000000000000003000000000000000001000301
100000222000030000000222000002200000000002230000000000000000010000000000000000000000000000000010000100000000000000000000000000000000000000000001000001
100000000000000000000222000002200000000000000022220030000000010010000001111100001100000011110010000100111111111111111000000000000300000000000001000001
100003000000000000000000000002200000000002000000000000000000010010000000000100001000000000010010000100100000003000001000000000000000000000030001000001
100000200000002222200000000000000000000000000000000000000000010010000000000100001000000000010010000100100000000000001300000000000000000000000001000001
100000200000002222200222000000000000030000000030000000000030010010000000003100001003000000010010000100000000000000001000000000000000000000000001000001
100000000000000003000222000000000000000000000000000000000000010010020000000100001000000000013010000100000000000000001000000002022002000022222001000001
100000000000000000000000000000220000000000000000000000000000010010020000000100001000000000010010000130000000000000001000000300022002000022222001000001
100000000000000000000000000030220000000000000000000000000000010010023000000100001000000000010010000100000000000000001000000000022002030000000001000001
100000000000000000000000000000220000000000000000000300000000010010000000000100001000000000010010000100000000030000001000000000000002000000000001000001
100000000000000000000000000000220000000000000000000000000000010010000000000100001000000000010010000100100000000000001000000000000002000020220031000004
100000000000003022000000000000220000000300000000000000000000010010022000000100001000000000010010000100100000000000001000000000000000000020220001000004
100000003000000022000000000000000000000000000000000000222200010310000000000100001000030000010010000100100000000000001000000000000000000000000001000004
100000000000000022000000000000000300000000000000000000222200010010000000003100001000000000010010000100100000000000001300000000000000000000000001000031
100000000000000022030000000000000000000000000000000000222200010010000000000100001000000000010010030100100000000000001000000000000000000000000001000001
100000000022200022000000000000000000000000000000000000000000010010000000000100001000000000010010000100100000000000001000000000000030000000000001000001
100000000022200000000000003000000000000003000000000000000000010010000000000100001000000000010010000100100000000000001000000000000000000000000001000001
103000000000000000000000000000000000000000000000000000220220010010000000000100001000000000010010000100100000000200001000000000000000000000000001000001
100000000000000000002200220000000000000000000000000000220220310010000000000100001000000000010010000100100000000000001000300000000000000000000001300001
100000000000000000000000220000000000000000000000000000220000010010000020000100001000000000010010000100100222200220001000000000000000000000000001000001
100000002200220220000000220000000000000000000000000000000000010010000020000100001000000003010010000100100222200000001000000000000000000000000001000001
100000002200220220000000000000000222220000000000000000000000010010003020000100001000000000010010000103100000000000001000000000000000000000000001000001
100000002200220300000000000000000000000000000000030000000000010010000020000100001000000000010010000100100000003000001000000000000000000000000001000001
100000000000000000000000000000000000000000000000000000030000010010000020000100001000000000010010000100100000000000001000000000000000000000000001000001
400000000000000000000000000000000000000000000000000000000000010010000000000100301000000000010010000100100000000000001000000000000000000000000001000001
400000000000000000000000000000300000000000000000000000000000000010000000000100001000000000010010000100100000000222001000000000000000000000000001000001
400003000000000000000000000000000000000000003000000000000000000010000000000100001000000000010010000100100000000222001000000000000003000000000001000031
100000000000000000000000000000000000000000000000000000000000000310000000000100001000000000010010300100100000000000001000000000000000000000000031000001
100000000020000222020030000000000000000000000000000000000222200010000000000100001000000000010010000100100300000000001000000300000000000000000001000001
100000000000300222000000000000000000002222222000000300000000000011111111111100001111111111110010000100100000000000001000000000000000000000000001000001
100002220020000000000000000000000000000000000000000000000000000000000000000000000000000030000010000100100000000000031000000000000000000222220001000001
100000000020000000000200000000000000000000000000000000000000010000000000000000000000000000000010000100100000000000001000000000000000000222220001000001
100000000000000222000000000000003000000000000000000000000000010000000000000000000000002200000010000100100000000000001000000000000000000000000001000001
100000000000000222000200000000000000000300000000000000000000010000000000030000000000002200000010030100111111111111111000000000000000222222200001000001
130000000000000000000200000000000000000000000000000000000000010000000000000000000000002200000010000100000000000000000000000000000000222222200001000001
100000003000000000000000000000111111111111111111111111111000010000000000000000000000002200000010000100000300000000000000000000000000000000000001000001
100000000000000030000000003000100000000000000000000000031000010000000222220000000000000000000010000100000020000000000000000000000000030000000001300001
100000000000000000000222000000100000000000000000000000001000010000000222220000000000000000000010000100000020000000000000000000000000000000000001000001
100000000000000000000000000000100000000000000220022200001000010000000000000000000000000000000010000100000020000000000000011111111111111111111001000001
100000000000000000000000000000100000000000000220022200001000010000000000000000000030000000000010000100000020003000000000010000000000000000001001000001
100000000000000000000000000000100000000000000220000000001000010000000000022000000000000000000010000100000020000000000000010000000000000000001001000001
100003000000300000000000000000100030000000000000020000001000010000000000022000000000000000000010000100000000000000000000010000000000000000001001000001
100000000000000000000000000000100000000000000300000000001000010030000000022000000000000000000010000100000000002202200003010000000000003000001001000001
100000000000000000000000000000100000000000000000000000001000010000000000000000000000000000300010000100000000002202200000010000000000000000001001000001
100000000000000000000000000000100000000000000000000000001000010000000000003000000000000000000010000000000000000002200000010000030000000000001301000001
100000000000000000000000000000100000000000000000000000001000010000000002020000000000000000000010000000000000000000000000010000000220220020001001000001
100000000000000000000000300000100000000000000000000000001000010022220000020000000000000000000010003000000000000000300000010000000000220020001001000001
100000000000000000000000000000100000000000000000000030001000010022220000000000000300000000000010000000000000000002222200010000000000000020001001000001
100000000000300022220000000000100000000000000000000000001000010000000000000000000000000000000010000000000000000002222200010300000222000020001001000001
100000000000000000000000000000130000000000000000000000001000010000000000000002222200000000000010000000000003000002222200010000000222000020001001000001
100000030000000000000000000000100000030222220000000000001000010000000000000000000000000000000010000100000000000000000000010000000222003020001001000001
100000000000000000000300000000100000000222220000000000001000010000000032222222000000003000000010000100000000000000000000010000000000000020001001000001
100000000220020000000000000000100000000000000000000000001000010000000002222222000000000000000010000100000000000000222300010000000000000000001031000001
100000000000020000000000000000100000000000000000000000001000010000000000000000000000000000000010000100000000000000222000010000000000000000001001000001
100000000220020000000000000000100000000000000300000000001000010300000000000003000000000000000010000100000000000000000000010000000002222200001001000001
100000000220000000000000000000100000000000000000000000001000010000000000000000000000000000000010000100000000000000000000010000000002222200001001000001
100030000000000022200000000000100000022200000000000000001000010000000000000000000220222000000010000103000000000000222220010030000002222200001001000001
100000000000000022200003000000100000022200000000000000001000010000000000000000000220222000000010000100000000000000000000010000000000000000001001000001
100000000000000000000000000000103000022200222002222000001000010000000002222200000000000000000010000100000022200000000000010000000000000000001001000001
100000000000000000000000000000100000000000222002222300001000010000000000000000000000000000000010000100000000030000000000010000000002220203001001000031
100000000003000002022002200000100000000000000000000000001000010000000000000000003000222200000010000100000000000000000000010000000002220000001001000001
100000220000000000000002200000100022020300000000000000001000010000000000000000000000222200030010000100000022022000000000310000000000000000001001000001
100000220000000000000002200000100022020000000000000000001000010000300000000000000000222200000010000100000000022000000000010000000003000000001001000001
100000000000000000000002200000100000000000000000000000001000010000000000003000000000000000000010000100000000000003000000010000000000000000001001000001
130000222000220222002200000000100000000000000000000000001000010002222000000000000000000000000010000103000000000000000000011111000000111111111001000001
100000222000220222302200000000100000000000000000000000001000010000000000000000000003000000000010000100000000000000000000000000000000000000000001000001
100000000000000000002200000000100000000000000000000000001000010000000000000000000000000000000010000100000000000000000003000000000000000000000001000001
100000000000000000002200000000111111000001111111111111111000011111111111111111111111111111111110000111111111111111111111111111111111111111111111000001
100000220000000000002200000000000000000003000000000000000000030000000000000000000000000000000000000000000000000030000000000000000000000000000000000001
100000220000000000000000000000000000000000000000000000000000000000000000000000000000000000000000000000000000000000000000000000000000030000030000000001
100000223000000000000000000000030000000000000000000000000000000000000300000000000000000000000000000000000000000000000000000000000000000000000022000001
103000220000000030000000000000000000000000000000000000000000000000000000000000300000003000000000000000000000000000000000000000000000000000000022000301
100000000000000000000000000000011111000001111111111111111000011111111111111111111111111111111110000111111111111111111110000000000000022000220022000001
100000002202200222000003000220010000000000000000003000001000010000000000000000000000000000000010000100000000000000000010003000000000000000220022000001
100000002200000222000000000220010000000000000000000000001000010000000000000000000000000000000010000100000000000000000010000000000000000000220000000001
100000000000000222000000000220010000000000000000000000001000010011111111110000000000000000030010000100000000000000300010000000000000022200220000000001
100000000000000222000000000220010000000000000000000000001000010010000000010000000000000000000010000100000000000000000010000000000000022200220000000001
100000000000000222000000000220010000000000000000000000001000010010000000010000220022000000000010000103000000000000000010000000000000022200220030000031
100022003000000000000022220220010000000000000000000000001000010010000000010000220030000000000010000100000000000000000010000000000000000000220000000001
100022000000000000000022220220010030000000000000000030001000010010020300010000220022000000000010000100000000002002200010000000030000000000000000000001
100022000000000000000003000000010000000000000000000000001000010010020000010000000022000030000010000100200000302002200010000000000000000300000000000001
100022000000000000000000000000010000000000030000000000001000010010020000010000000022000000000010000100000000002000000010000000000000000000000000000001
100022000000000000000000000000010000000000000000000020001000010010000000010000000022000000000010000100222002002002200010000000000000000000000000000001
100022000000000000000000000000010000000000000000000020001000010010000000010000300022000000000010000100222002002002200010000000000000000000000000000001
100022000000000000000000000000010000000000000000000020001000310010000000010000000000000000000010000103000002002002200010000000000000000000000000000001
100000000000023222002222000000010000000000000000000020001000010010000000010000000000000000000010000100000002002000000010000000322220022200000300000031
100000003000000222002222000000010000000000000000000020001000010010000000010000000000000000000010000100000000000000000000000000022220022200000000000001
100000000000000000002222000000010000000000000000000000001000010010000000010000000000000000000010000100000000030002220000030000022220000000000000000001
100000000000000000000000000000010000000000000000000030001000010010000000010000000000000000000010000100000200000002220000000000000000022000000000000001
100000000000000000000000000030010000003000000000000000001000010010000000010000000000000000000010000100000200000002220000000000000000022000000000000001
100000000000000300000000000000010000000000000000000000001000010010000000013000000000000000000010000100000200000002220010000000000300000000002202200001
100000000000000000000000000000010000000000000000002200001000010010000220010000000003000000300010000100030200000000300010000000000000000000002202200001
100000000000000000000000000000010000000000000000002200001000010310000220010000000000000000000010000100000200000000000010000000000000000000000002200001
100000300000000000000000000000010000000000000300002200001000010010000220010002222002202000000010000100000000000000000010000000000000000000003000000001
100000000000000000000000000000010000000000000000002200001000010010000220010002222000000000000010000100000000000000000010000030000000222200000000000001
100000000000000000000000000000010000000000000000000000001000000010000000010002222000000000000010000100000000000000000010000000000000000000000002200001
100000000000000000000000000000010000000300000000000000001000000010000000010000000000000000000010000100000000030000000010000000000000000000000002200001
100000000000000000000000000000010000000000000002202200001000000010000000010000000000000000000010000100000000000000000010000000000000000000000002200001
100000000000000000022200000000010000000000000002202200001000000010000000010000000000300000000010000100000000000000000013000000000000000000000000000001
100000000000000003022200000000010000000000000000002200001000010010000000010000200000002000000010000100000000000000000010000000000000000000000000000031
100000000003000000022200000000010030000000000030000000001300010010000000010000000000002000000010000100000000000000000010000000000300000000000000000001
100000000000000000022200000000010000000000000000000000001000010010000001110000222000002000000010000100000000000000000010000000000000000000000000020001
100000000000000200000000000000011111111111111111111111111000010000000000000000222000002000000010000130000000003000000010000000000000000030000000020001
100000000000000200000000003000000000000000000000000000000000010003000000000000000000002000000010000100000000000000000010000000000000000000000000020001
100000000000000200020200000000000000000000000000000000000000010000000000000000000000002000000010000100000000000000003010000000000000000000000000020001
103002000000000200020000000000000000003000000000300000000000010022200220200003222200002000000010000111111111111111111110000202220000200000000000020001
100002000000000000000000000000000000000000000000000000000000010022200000000000222203000000000013000000000000000000000000000002220000200000000000000001
100002000000000000000000000000000000000000000000000000000000010022200000000000000000000000000010000000000000000000000000000000000000200000000000000001
100002000000000222022000000000000000000000000000000000000030010000000022200000000000000000000010000000030000000000000000020000003000000000000000000001
100002000000300222022000000000000000000000000000000000000000010000000022200000000000000000000010000000000000000000000000020002222200000000000003000001
100002000000000000000000000000000000000000000000000030000000010000000022200000000000000000000010000111111111111111111110300002222200000000000222000001
100002300000000000003000000000000000000002222222000000000220010000000000000000000000000000000010000100000000000000000010000002222200000300000222000001
100000002222200222000000000000300000000002222222000000000000010000000000000000000300002020000010000100000000300000000010022000000000000000000222000001
100000000000000222000000000000000000000000000000000000000000010000032022200000000000002000000010000100000000000000000010022000000000000000000000000001
100000000000000000000000000000000000000000300000000000000220010000000022200000000000000000000010000100000000000000000010022000000000000000000000000001
100000000000000200000000000000000000000000000000000000000220010000000000000000000000000000000010000100000000000000000010000000000222200000000220200031
100000000000000000000000000000000000000000000000000000000220010000000000000000000000002222000010000100000000000000000010000022000000000000000220000001
100000000000000000000000000000000000000000000000000300000223010000000000000000000000002222003010000130000000000000000010030022003000000000030220000001
100000000000000000000000000000000022200000000022220000000220010000000032020000000000000000000010000100000000000000000010000022000220000000000000000001
100000000000000000300000000000000000000000000000000000000000010000000002000000000000000000000010000100000000000000000010000022000000000000000000000001
100300000000000000000000000000000000000000000030000000000000010000000000000000000000000000000010000100000000000000000010000000002000000000000000000001
100000000000000000000000022020002022000000000000000000000000010000000000000000030000000022000010000100000000000000000010000000002000000000000000000001
100002200000000000000000022300000000000000000000000000000000010000000002200000000000000022000010000100000000200000000010000000002000000000000000003001
100002200000000000000000022000000000000003000000000000000000010000000002200000000000000022000010000100000000000000000010000000000000000000000000000001
100002200000000000000000000000000000000000000000002222222000010300000002200000000000000022000010000100000200200300000010000000000000000000000000000001
100002200003000000000000000000000000000000000000000000000000010000000002200000000000000322000010000130000200202022000010000000002000300000000222000001
100000000000000000000000022200000000000000000000000000000000010000000000000000000000000022000010000100000200000022000010000003002000000000000000000001
100000000000000000000000000000222002000000000000000000000000010000000000000000000000000022000010000100000200000022000010000000000000000000000000000001
100000000000000000000000000300222002000000000000000000000000010000000000030000000000000000000010000000000200000000000010000000000000000000003000000001
100022222002202200003000000000000002000000000000000000000000010000000000000000000000000000000010000000000000000000000010000000000000000000000000000001
100000000000002200000000000000220030000000000000000000322020010000000000000000000000000000000010000000000000300022220010000000000000000000000000000001
100000000000000000000000000000220000000000000030000000000000010000000000000000000000000000000010000000000000000022220010000000000000000002020022000001
100300000000000000000000000000000000000000000000000000000000010000000000000000000000000000000010000100000000000000030010000000000000000000020022000001
100000000000000000220000000000000220000000000000000000022220010000000000000000000300000000000010000100030000000000000010000000000000000000000022000031
100000000000000000220000000000000220000000000000000000022220010000000000000000000000000000030010000100000000000000000010000000000000000000000022000001
100000000000000000220000000000300220000000000000000000000000010003000000000000000000000000000010000100000000000000000010000000300000000000003022000001
100000000000000000220000000000000220000000000000000000000000011111111111111111111111111111111110000111111111111111111110000000000000000000000000000001
100000000000030000220000000000000220000000000000000000000000000000000000000000000000000000000000000000000000000000000000000000000000000000000000000001
100000000000000000000000000000000000003000000000000000000000000000000000000000000000000000000000000300000000000000000000000000000000000000000000000001
100000000000000000000000000000000000000000000000000000000000000000000000000300000000000030000000000000000000300000000000000000000000000000000000003001
100000000000000000000000000000000000000000000000000000003000000000000000000000000000000000000000000000000000000000000000000000000000000000000000000001
130000000000000000000300000000000000000000000003000000000000000000000000000000000000000000000000000000000000000000000300000003000000003000000000000001
111111111111111111111111111111111111111111111111111111111111111111444411111111111111111111111111111111111111111111111111111111111111111111111111111111
