111111111111111111111111111111111111111111111111111111111111111111111111111111111111111111111111111111111111111111111111111111111111111111111111111111
100000000300000000000000000000003000000000003000000003000000000000000000000000000000000000000000000000000000000000000000000000000000003000000000000001
100300000000000000030000000000000000000000000000000000000000000000000000000000000000000000030000000000000000000000000000000000000000000000000000000001
100000000000000000000000000000000000000000000000000000000000000000000000000000300000000000000000000000000000000000000000000000000000000000000000030001
100000222000000000000000000000000000000000000000000000000000000003000000000000000000000000000000000000000000000000000000000000000000000000000000000001
100000222000000000000000000000000000000000000000000000000000000000000000000000000000000000000000000000000003000000030000000000000000000000000000000001
100000000000000000000222000000000000000002200222000000000000011111111111111111111111111111111110000111111111111111111111111111111111111111111111000001
100000000000300000000222000302200000000002200000000000000000010000000000000000000000000000000010000100000000000000000000000000000300000000000001000001
103000222000000000000222000002200000000002200000300000000000010000000000000000000000000000000010000100000000000000000000000000000000000000000001000001
100000000000000000000222000002200000000000000022220000000000010010000001111100001100000011110010000100111111111111111000000000000000000300000001000001
100000000000000000000000000002200000003002000000000000003000010010000000000100001000000000010010000100100000000000001000000030000000000000000001000031
100000200000002222230000000000000000000000000000000000000000010010000000000100001000000000010010003100100000000000001000000000000000000000000001000001
100000200000002222200222000000000000000000000000000000000000010010000000000100001000000000010010000100000000000000001000000000000000000000000001000001
100000000000000000000222000000000000000000000000000000000000010010020000000100001000000000010010000100000000000000001000000002022002000022222001000001
100000000000000000000000000000220000000000000000000000000000010010020000000100031000000300010010000100000000000000001000000000022002000022222001000001
100000000000000000000000000030220000000000000000000000000000010010023000000100001000000000010010000100000000000300001000000000022002000000000001000001
103000000003000000000000000000220000000000000000000000030000010010000000000100001000000000010010000100000000000000001000000003000002000000300001030001
100000000000000000000000000000220000000000030000030000000000010010000000000100001000000000010010000100100000000000001000000000000002000020220001000004
100000000000000022000000000000220000000000000000000000000000010010022000000100001000000000010010300100100000000000001000000000000000000020220001000004
100000000000000022000000000000000000000000000000000000222200010010000000003100001000000000010010000100100000000000001000000000000000000000000001000004
100000000000000322000000000000000000000000000000000000222200010010000000000100001000000000010010000100100000000000001300000000000000000000000001000001
100000000000000022000000000000000000000000000000000000222200010310000000000100001000000003010010000100100000000000001000000000000000000000000001000001
100000000022200022000000000000000300000000000000000000000000010010000000000100001000000000010010000100100000000000001000000000000000000000000001000001
100030000022200000000000000000000000000000000000000000000000010010000000000100001000000000010010000100100000000000001000000000000000000030000001000001
100000000000000000030000000000000000000000300000300000220220010010000000000100001000000000010010000100100030000200001000000000000000000000000001000031
100000000000000000002200220000000000000000000000000000220220010010000030000100001000000000010010000100100000000000001000000000000000000000000001000001
100000000000000000000000220000000000000000000000000000220000010010000020000100001000000000010010000100100222200220001000000000000000000000000001000001
100000002200220220000000220000000000000000000000000000003000010010000020000100001000000000010010000100100222200000001000000000000000000000000301000001
100000002200220220000000000000000222220000000000000000000000010010000020000100001000000000010010000100100000000000001003000000003000000000000001000001
100000002200220000000000000000000000000000000000000000000000010010000020000100001000000000010010003100100000000000001000000000000000000000000001000001
100000000000000000000000000000003000000000000000000000000000010010000020000100001030000000010010000100100000000000001000000000000000000000000001000001
400000000003000000000030000000000000000000000000000000000003010010000000000100001000000000010010000100100000000000001000000000000000000000000001000001
400000000000000000000000000000000000000000000000000000000000000010000000000100001000000000010010000100100000000222001000000000000000000000000001000001
430000000000000000000000000000000000000000000000000000000000000010000000000100001000000000010010000100100000300222001000000000000000000000000001000001
100000000000000000000000000000000000000000000000000000000000000010003000000100001000000000010010000100100000000000001000000000000000000300000001030001
100000000020000222020000000000000003000000000000000000000222200010000000000100001000000000010013000100100000000000001000000000000000000000000001000001
100000000000000222000000000030000000002222222000000000000000000011111111111100001111111111110010000100100000000000001000300000000000000000000001000001
100002220020030000000000000000000000000030000000030000000003000000000000000000000000000000000010000100100000000000001000000000000000000222220001000001
100000000020000000000200000000000000000000000000000000000000010000000000000000000000000000000010000100100000000000001000000000030000000222220001000001
100000000000000222030000000000000000000000000000000000000000010000000000000000000003002200000010000100100000000000001000000000000000000000000001000001
100000000000000222000200000000000000000000000000000000000000010000300000003000000000002200000010000100111111111111111000000000000000222222200001000001
100000000000000000000200000000000000000000000000000000300000010000000000000000000000002200000010000100000000000000000000000000000000222222200001000001
100030000000000000000000000000111111111111111111111111111000010000000000000000000000002203000010000100000003000000000000000000000000000000000001000301
100000000000003000000000000000100000000000000000000000001000010000000222220000000000000000000010000100000020000000000000000000000000000000000001000001
100000000000000000000222000000100000000000000000000000001000010000000222220000000000000000000010000100000020000000000003000000000000000000000001000001
100000000000000000000000000000100000000000000220022200001000010000000000000000000000000000000010000100000020000000000000011111111111111111111001000001
100000000000000000000000000000100000000000000220022200001000010000000000000000000000000000000010000100000020000000000000010000030000000000001001000001
100000000000000000000000000030100000000000000220000000001000010000000000022000000000000000000010000100000020000000000000010000000000003000001001000001
100000000000000000000300000000100000000000000000023000001000010000000000022000000000000000000010000100000000000000000000010000000000000000001001000001
100000300000000000000000000000100000000000000000000000001030010000300000022000000000003000000010000100000000002202200000010000000000000000001001000001
100000000000000000000000000000100000000030000000000000001000010000000000000000030000000000000010000103000000002202203000010000000000000000001001000001
100000000000000000000000000000100000000000000000000000001000010000000000000000000000000000000010000000000000000002200000010000000000000000001001000001
100000000000000000000000000000100000000000000000000000001000010000000002020000000000000000000010000000000000000000000000010000000220220020001001000001
100000000000000000000000000000100000000000000000000000001000010022220000020000000000000000000010000000000000000000000000010000000000220020001001000001
100003000000000000000000000000100030000000000000000000001000010022220000000000000000000000300010000000000000000002222200310000030000000020001001000001
100000000000000022220000000000100000000000000003000000001000010000000000000000000000000000000010000000000000000002222200010000000222000020001001000301
100000000000000300000000000000100000000000000000000000001000010000000000000002222200000000000010000000000300000032222200010000000222000020001001000001
100000000000000000000000000030100000000222220000000000001000010000300000000000000000000000000010030100000000000000000000010000000222000320001001000001
100000000000000000000000000000100000000222220000000000001000010000000002222222000000030000000010000100000000000000000000010000000000000020001001000001
100000000220020000000000000000100000300000000000000000001000010000000002222222000000000000000010000100000000000000222000010000000000000000001001000001
100000000000020000000300000000100000000000000000000000001000010000000000000000000000000000000010000100000000000000222000010000000000000000001001000001
100030000220020000000000000000100000000000000000000000001000010000000000000000000000000000000010000100000000000000000000010000000002222200001001000001
100000000220000000000000000000100000000000000000000000031000010000000000000000000000000000000010000130000000000000000000010000000002222200001001000001
100000000000000022200000000000100000022200000000000000001000010000000000000000300220222000000010000100000000000000222223010000300002222200001001000001
100000000000000022200000000000100000022200000030000000001000010000000003000000000220222000000010000100000000000000000000010000000000000000001001000001
100000000000000000000000000000100000022200222002222000001000010003000002222200000000000000000010000100000022200000000000010000000000000000001001000001
100000000000000000000000300000100000003000222002222000001000010000000000000000000000000000300010000100000000300000000000010000000002220200001001300001
100000000000000002022002200000100000000000000000000000001000010000000000000000000000222200000010000100000000000000000000010000000002220000001001000001
100300220000003000000002200000100022020000000000000000001000010000000000000000000000222200000010000100000022022000000000010000000030000000001001000001
100000220000000000000002200000100022020000000000000000001000010000000000000000000000222200000010000100000000022000000000010000000000000000001001000001
100000000000000000000002200000100000000000000000000000001000010000000000000000000000000000000010000100030000000000000000010000000000000000001001000001
100000222000220222002200000000100000000000000000000000001003010002222030000000000000000000000010000100000000000030000000311111000000111111111001000001
100000222000220222002200000000100000000000000000000000001000010000000000000000000300000000000010000100000000000000000000000000000000000003000001000001
100000000000000000002200000000100000000030000000000000001000010000000000000000000000000000000010000100000000000000000000000000000000000000000001003001
100000000000000000002200000000111111000001111111111111111000011111111111111111111111111111111110000111111111111111111111111111111111111111111111000001
100300220000000030002200000000000000000000000000000000000000000000000000000000000000000000000000000000000000000000000000000000000000000000000000000001
100000220000000000000000000000000300000000000000030000000000000000000000000000000000000000300000003000000000003000000000000000000000000000000000000001
100000220000000000000300000000000000000000000000000000000000000000000000000000000000000000000000000000000000000000000000000000000000000000000022000001
100000220000000000000000000000000000000000000000000000000000000000000030000000000000000000000000000000000000000000000003000000000000000000000022000001
100000000000000000000000000000011111000001111111111111111000011111111111111111111111111111111110000111111111111111111110000000000000022000220022000001
100000002202200222000000000220010000000000000000000000001000010000000000000000000030000000000010000100000000000000000010000003000000000000220022000001
100000002200000222000000000220010000000000000000000000001000010030000000000000000000000000000010000100000000000000000010000000000000000000220000000001
100000000000300222000000003220010000000000000300000000001000010011111111110000000000000000000010000100000000000000000010000000000000022200220000000301
100000000000000222000000000220010000000000000000000003001000010010000000010000000000000000000013000100000000000000000010000000000000022200220000000001
100000000000000222000000000220010000000000000000000000001000010010000000010000220022000000000010000100000000000000000010000000000000022200220000000001
100022000000000000000022220220010000000030000000000000001000010010000000010000220000000000000010000100300000000000030010000000000000000030220000000001
100022000000000000000022220220010000000000000000000000001000010010320000010000220022030000000010000100000000002002200010000000000000000000000000000001
100022000000000000003000000000010000000000000000000000001000310010020000010000000022000000000010000100200000002002200010000000000000000000000000000001
100322000000000000000000000003010000000000000000000000001000010010020000013000000022000000030010000100000000002000000010000000000000000000000000000001
100022000000000000000000000000010000000000000003000020001000010010000000010000000022000000000010000100222002002002200010000000000000000000000000000001
100022000000000000000000000000010000000000000000000020001000010010000000010000000022000000000010000100222002002032200010000000000000000000000003000001
100022000000300000000000000000010000000000000000000020001000010010000000010000000000000000000010000100000002002002200010000000003000000000000000000001
100000000000020222002222000000010000000000000000000020001000010010000003010000000000000000000010000100000002002000000010000000022220022200000000000001
100000000000000222002222000000010000000000000000000020001030010010000000010000000030000000000010030100000003000000000000000000022220022200000000000001
100000000000000000002222000000010000000000000000000030001000010010000000010000000000000000000010000100000000000002220000000000022220000000000000000001
100000000000000000000000030000010000000000000000000000001000010013000000010000000000000000000010000100000200000002220000000000000000022300000000000001
100000000000000000000000000000010000000030000000000000001000010010000000010000000000000000000010000100000200000002220000300000000000022000000000000001
100000000000000000000000000000010030000000000000000000001000010010000000010000000000000000000010000100000200000002220010000000000000000000002202200001
100030000000000030000000000000010000000000000000002200001000010010000220010003000000000000003010000100000200000000000010000000000000000000002202200031
100000000000000000000000000000010000000000000000002200001000010010000220010000000000000000000010000100000200030000000010000000000000000000000002200001
100000000000000000000000000000010000000000000000002200001000010010000220010002222002202000000010000100000000000000000010000000300000000000000000000001
100000000000000000000000000000010000000000000000002200001000010010000220010002222000000000000010000100000000000000000010000000000000222200000000000001
100000000000000000000000000000010000000000000000000000001030000010000000010002222000300000000010000100000000000000000010000000000000000000000002200001
100000000000000000030000000000010000000000000000000000001000000010000000010000000000000000000010003100000000000000000010000000000000000000000002200001
100000000000000000000000000000010030000003000002202200001000000010000000010000000000000000000010000100000000000000000010000000000000000000000002200001
100000000000300000022200003000010000000000000002232200001000000010003000010000000000000000000010000100000000000000030010000000000000000000003000000001
100000000000000000022200000000010000000000000000002200001000010010000000010300200000002000000010000100000000000000000010000000000000000000000000000001
100000000000000000022200000000010000000000000000000000001000010010000000010000000000002000000010000100000000300000000010030000000000000000000000000001
100000000000000000022200000000010000000000000000000000001000010010000001110000222000002000000010000100000000000000000010000000003000000000000000020001
100000000000000200000000000000011111111111111111111111111003010000000000000000222000002000030010000100000000000000000010000000000000000000000000023001
100003000000000200000000000000000000030000000300000000000000010000000000000000000003002000000010000100000000000000000010000000000000000000000000020001
100000000000000200020200000003000000000000000000000000000000010000000000000000000000002000000010000100000000000000000010000000000000000000000000020001
100002000000000200020000000000000000000000000000000000000000010022200220200003222200002000000010000111111111111111111110000202220000200000000000020001
100002000000000000030000000000000000000000000000000000000000010322200000000000222200000000000010000000000000000000000000000002220000200000000000000001
100002000000000000000000000000000000000000000000000000000000010022200000000000000000000000000010300000000000000000000000000000000000200000000000000001
100002000000000222022000000000000000000000000000000000000000010000000022200000000000000000000010000000030000000003000000020000000000000000000000000001
100302000000000222022000000000000000000000000000000003000000010000000022200000000000000000000010000000000000000000000000020032222200000000000003000001
100002000000000000000000000000000000000000000000000000000000010000000022200000000000000003000010000111111111111111111110000002222200000000000222000001
100002000000000300000000000030000000000002222222000000000220010000030000000000300000000000000010000100000000000000000010000002222200030000000222000001
100000002222200222000000000000000000030002222222000000000000010000000000000000000000002020000010000100000000000000000010022000000000000000000222000001
100000000000000222000000000000000000000000000300000000000000010000002022200000000000002000000010000100000000000000000010022000000000000000000000000001
100000000300000000003000000000000000000000000000000000000220010000000022200000000000000000000010000100000000000000000010022000000000000000000000000001
100000000000000200000000000000000000000000000000000300000220010000000000000000000000000000000010000100000000000000000010000000000222200000000220200001
100000000000000000000000000000000000000000000000000000000220010000000000000000000000002222000010000100000000000000000010000022000000000000000220000001
130000000000000000000000000000000000000000000000000000000220010000000000000300000000002222000010000130000030000000000013000022000000000000000220000001
100000000000000000000000003000000022200000000022220000000220010000000002020000000000000000000010000100000000000000000010000022000220000030000000000001
100000000000000000000000000000000000000000000000000000000000010000000002000000000000000000000010000100000000000000000010000022000000000000000000000001
100000000000000000000000000000000000000000000030000000000000010030000000000000000000000000000013000100000000000000000010000000302000000000000030000001
100000000000000000000000022020002022000000000000000003000000010000000000000000000000000022000010000100000000000000000010000000002000000000000000000031
100002200000000000000000022000000000000000000000000000000000010000000002200000000000030022000010000100000000200000000010000000002000000000000000000001
100002200000000000000000022000000000030000000000000000000000010000000002200000000000000022000010000100000000000000030010000000000000000000000000000001
100002200000000000000000000000000000000000000000002222222000010000000002200000000000000022000010000100000203200000000010000000000000000000300000000001
130002200003000000000000000003000000000000000000000000000003010000000002200000000000000022000010000100000200202022000010000000002030000000000222000001
100000000000000000000000022200000000000000000000000000000000010000000000000000000000000022000010000100000200000022000010000000002000000000000000000001
100000000000000000000000000000222002000000000000000000000000010000000000000000000000000022000010000100000200000022000010000000000000000000000000000001
100000000000000000000000000000222002000000000000000000000000010000000030000000000000000000000010000030000200000000000010000000000000000000000000000001
100022222002202200000030000000000002000000000000000000000000010000000000000000000000000000000010000000000000000000000310000000000000000000000000000301
100000000000002200000000000000220000000000000003000000022020010000000000000000000000000000000010000000000000000022220010000030000000000000000000000001
100000000000000000000000000000220000000000000000000000000000010000000000000000000000000000000010000000000000000022220010000000000000000002023022000001
100000000000000000000000000000000030000000000000000000000000010000000000000000000000000000000010000100000000000000000010000000000003000000020022000001
100300000000000000220000000000000220000000000000000000022220013000000000000000000030000000003010000100000000000000000010000000000000000000000022000001
100000000000000000220000000000000220000000000000000000022220010000000000000030000000000000000010000100000000000030000010000000000000000000000022000001
100000000003000000220000000000000220000000000000000000000000010000000000000000000000000000000010000100030000000000000010000000000000000000000022000001
100000000000000000220030000000000220000000000000000000000000011111111111111111111111111111111110000111111111111111111110000000000000000000000000000001
100000000000000000220000000000000220000000000000000000000000000000000000000000000000000000000000000000000000000000000000000000000000000000000000000001
100000000000000000000000000000000000000000000000000000000000000000000000000000000000000000000000000000000000000000000000000000000000000000000000000001
100000000000000000000000000003000000000000000000003000000000000000000003000000000000000000000000000000000000000000000000000030000000000000000000000001
100000000000000000000000000000000000000000000300000000000000000000000000000000000000000000000300000000000000000000000000000000000000030000000000000001
100000003000000003000000000000000000000300000000000000000000000000000000000000000000300000000000000000030000000000000000000000000000000000000000030001
111111111111111111111111111111111111111111111111111111111111111111444411111111111111111111111111111111111111111111111111111111111111111111111111111111
