111111111111111111111111111111111111111111111111111111111111111111111111111111111111111111111111111111111111111111111111111111111111111111111111111111
100000000000000000000000000030000000000000000000000000000000000000000000300000000000000000000000000000000000000000000000003000000000003000000000000031
100000000000000000000000000000000000000000000000000000000000000000000000000000000000000000000000000000000300000000000000000000000000000000000000000001
103000000000000000000000000000000000000000000000000000000000000000000000000000300000000000000000000000000000000000000000000000000000000000000000000001
100000222000000000030000000000000000000300000000000000000000030000000000000000000000000003000003000000000000000000300000000000000000000000000000000001
100000222000000000000000000000000000000000000000000003000000000000000000000000000000000000000000000000000000000000000000000000000000000000000000000001
100000000000000000000222000000000000000002200222000000000000011111111111111111111111111111111110000111111111111111111111111111111111111111111111000001
100000000000000000000222000002200000000002200000000000000000010000000000000000000000000000000010000100000000000000000000000000000000000000000031000001
100000222003000000000222000002200000000002200003000000000000010000000000000000000000000000000010000100000000000000000000000000000000000000000001000031
100000000000000000000222000002200000000000000022220000000000010010000001111100001100000011110010000100111111111111111000000000000000000000000001000001
100000000000000000000000000002200000000002000000000000000000010010000000030100001000300000013010000100100000000000001000000000000003000000000001000001
100000200000002222203000000003000000000000000000000000000000010010300000000100001000000000010010000103100000000030001000000000000000000000000001000001
100000200000002222200222000000000000000000000000000000000000010010000000000100001000000000010010000100000000000000001000000000000000000000000001000001
100000000000000000000222000000000000000000000000000000000000010010020000000100001000000000010010000100000000000000001000000002022002000022222001000001
100000000000000000000000000000220000000000030000000000000000010010020000000100001000000000010010000100000000000000001000030000022002000022222001000001
100000000000000000000000000000220003000000000000000000003000010010020000000100001000000000010010000100000000000000001000000000022002000000000301000001
100030000000000000000000000000220000000000000000000000000000010010000000000100001000000000010010000100000000000000001000000000000002000000000001000001
100000000000000000000000000000220000000000000000000000000000010010000000000100001000000000010010000100100000000000001000000000000002000020220001000004
100000000000000022000000000000220000000000000000000000000000010010022000000100001000000000010010000100100000000000001000000000000000000020220001000004
100000000300000022000000000000000000000000000000000000222200010310000300000100001000000000010010000100100000000000001000000000000000000000000001000004
100000000000000022000000000000000000000000000000030000222200010010000000000100001000000000013010000100100000000000001000000000000000000003000001000001
100000000000000022000000300000000000000000000000000000222200010010000000000100001000000000010010000100130000000000001000000000000300000000000001000001
130000000022200022000000000000000000000000000000000000000000010010000000000100001000030000010010000100100000003000001000003000000000000000000001000031
100000000022200000000000000000000000000000000000000000000000010010000000000100001000000000010010000100100000000000001000000000000000000000000001000001
100000000000000300000000000003000000000000000000000000220220010010000000000100301000000000010010030100100000000200001000000000000000000000000001000001
100000000000000000002200220000000000000000000000000000220220010010003000000100001000000000010010000100100000000000001000000000000000000000000001000001
100000000000000000000000220000000000003000000000000000220000010010000020000100001000000000010010000100100222200220001000000000000000000000000001000001
100000002200220220000000220000000000000000000000300000000000010010000020000100001000000000010010000100100222200000001000000000000000000000000001000001
100000002200220220000000000000000222220000000000000000000000010010000020000100001000000000010010000100100000000000001000000000000000000000000001000001
100000002200220000000300000000000000000000000000000000000003010010000020000100001000000000010010000100100000000000001000000000000000000000000031000001
100000000300000000000000000000000000000000000000000000000000010010000020000100001000000000010010000100100300000000001000000000000000300000000001000001
430000000000000000000000000000000000000000000000000000000000010010000000000100001000003000010010000100100000000000001000000000000000000000000001000001
400000000000000000000000000000000000000000000000000000000000000010000000000100001000000000010010000100100000000222001000000000000000000000000001000001
400000000000000000000000000000000000000000000000000000000000000010000000000100001000000000010010000100100000000222001000000300000000000000000001000031
100000000000000000000000000000000000000000000000000000000000000010000300000100001000000000010010000100100000000000001000000000000000000000000001000001
100000000020030222020000000000000000000030000000300000000222200010000000000130001000000000010010000100100000000000001000000000000000000000000001000001
100000000000000222000000000000000000002222222000000000000000000011111111111100001111111111110010003100100000003000001000000000000000000030000031000001
100002220020000000030000000003000000000000000000000000000000000000000000000000000000000000000010000100100000000000001000000000000000000222220001000001
100000000020000000000200000000000003000000000000000000000000010000000000000000000000300000000010000100100000000000001000000000000000000222220001000001
100300000000000222000000000000000000000000003000000000000000010000000000000000000000002200000010000100100000000000001000000000000000000000000001000001
100000000000000222000200000000000000000000000000000000000000010000030000000000000000002200000010000100111111111111111000000000000000222222200001000001
100000000000000000000200000000000000000000000000000000300000010000000000000000000000002200030010000100000000000003000000000003000000222222200001000001
100000000000000000000000000000111111111111111111111111111000010000000000000000000000002200000010000100000000000000000000000000000000000000000001000301
100000000000000000000000000000100000000000000000000000001000010000000222220030000000000000000010000100030020000000000000000000000000000300000001000001
100000000000000000000222000000100000000000000000000000001000010000000222220000000000000000000010030100000020000000000000000000000000000000000001000001
100000000000000000000000000000100000000000000220022200001000010000000000000000000000000000000010000100000020000000000000011111111111111111111001000001
100000003000000000000000000003100000000000000220022200001000010000000000000000000000000000000010000100000020000000000000010000000000000000001301000001
100000000000000000300000000000100000000300000220000000001000013000000000022000000000300000000010000100000020000300000000010000000000000000001001000001
100000000000000000000000000000100000000000000003020000001000010000000000022000000000000000000010000100000000000000000000010000000000000000001001000001
100000000000000000000000000000100000000000000000000000001000010000000030022000000000000000000010000100000000002202200000010000300000000000001001000001
130000000000000000000000000000100000000000000000000000001000010000000000000000000000000003000010000100000000002202200000010000000000000000001001000001
100000000000000000000000000000100000000000000000000000001000010000000000000000000000000000000010000000000000000002203000010000000000000000001001000001
100000000000000000000000000000100000000000000000000030001000010000000002020000000000000000000010000000000000000000000000010000000220220020001001000001
100000000000000000000000000000100003000000003000000000001000010022220000020000000000000000000010000000000000000000000000010000000000220020001001000001
100000000000000000000000030000100000000000000000000000001000010022220000000000000000000000000010000000000000000002222200010000000000000020001001000301
100000000300000022220000000000100000000000000000000000001000010000000000000000000000000000000010000000000000000002222200010000000222000020001001000001
100000000000000000300000000000100000000000000000000000001000010000000000000032222200000000000010000030000000000002222200010000000222000020001001000001
100000000000000000000000000000100000000222220000000000001000010300000000000000000000000000000010000100000000000000000000010000000222000020031001000001
100000000000000000000000000000100000000222220000000000001000010000000002222222000000000030000010000100000000000000000000010030000000000020001001000001
100300000220020000000000000000100000000000000000000000001000010000000002222222000000000000000010000100000000000000222000010000000000000000001001000001
100000000000020000000000000000100000000000300000000000001000010000000000000000000000000000000010000100000030000000222000010000000000000000001001000001
100000000220020000000000000000100000000000000000300000001000010000000000000000000000000000000010000100000000000000300000010000000002222200001001000001
100000000220000000000000000030100000000000000000000000001000010000000300000000000000000000000010000100000000000000000000010000000002222200001001000001
100000300000030022200000000000100003022200000000000000001000010000000000000000000220222000000010000100000000000000222220010000000002222200001001000001
100000000000000022200000000000100000022200000000000000001000010000000000000000000220222000000010000100000000000000000000010000000000000000001001000001
100000000000000000000000000000100000022200222002222000001000013000000002222200000000000000000010000100000022200000000000010000000003000000001001000001
100000000000000000000300000000100000000000222002222000301000010000000000000000000000000003000010000100300000000000000000010000000002220200001001000001
100000000000000002022002200000100000000000000300000000001000010000000000000000000000222200000010000100000000000000000000010000000002220000001001003001
100000220000000000000002200000100022020000000000000000001000010000000000000000000300222200000010000100000022022000000000010000000000000000031001000001
100000220000000000000002200000100022020000000000000000001000010000000000003000000000222200000010000100000000022000000003010000000000000000001001000001
100000000000003000000002200000100000000000000000000000001000010000000000000000000000000000000010000100000000000000000000010000000000000000001001000001
100000222000220222002200000000100000000000000000000000001000010002222000000000000000000000000010030100000000030000000000011111000000111111111001000001
100000222000220222002200000000100000000000000000000000001000010000000000000000000000000000000010000100000000000000000000000003000000000000000001000001
100000000000000000002200000000100003000000003000000000001030010000000000000000000000000000000010000100000000000000000000000000000000000000000001000001
100000300000000000302200000000111111000001111111111111111000011111111111111111111111111111111110000111111111111111111111111111111111111111111111000001
100000220000000000002200000000000000000000000000000000000000000000000000000000000000000000000000000000000000000000000000000000000000000000000000000001
100000220000000000000000000030000000000000000000000000000000000000000300000000030000003000000000000000000000000000000000000000000000000000000000003001
100000220000000000000000000000000000000000000000000000000000000000000000000000000000000000000000000000300000000000000000000000000300000000000022000001
100000220000000000000000000000000000000000000000000000000000000000000000000000000000000000300000000000000000000003000000000000000000000000000022000001
100000000000000000000000000000011111000001111111111111111000011111111111111111111111111111111110000111111111111111111110000000000000022000220022000001
100000002202200222000000000220010000000000000000000000001000010000000000000000000000000000000010000100000000000000000010000000000000000000220022000001
100000002200000222000000000220010000000000000000030000001000010000000000000000000000000000000010000100000000000000000010000000000000000000220000000001
100000000000000222000000000220010000300000000000000000001000010011111111110000000000000000000010000100000000000000000010000003000000022200220000000001
100000000000000222000000000220010000000000000000000000001000010010000000010000000000000000000010000100000000000000000010000000000000022203220000000001
100000000000000222000000000220010000000000000000000000001000010010000000010000220022030000000010000100000000003000000010000000000000022200220000300001
100022000000000000000022220220010000000000000000000000001000010013000000010000220000000000000010300100030000000000000010000000000000000000220000000001
103022000000000000000022220220010000000000000000000000001000010010020000010000220022000000000010000100000000002002200013000000000000000000000000000001
100022000000000000000000000030010000000000000000000000001000010010020000010000000022000000000010000100200000002002200010000000000000000000000000000001
100022000000000000000000000000010000000000000000000000001000010010020000010000000022000000000010000100000000002000000010000000000000300000000000000001
100022000000000300000000000000010000000000000000000020001000010010000000013000000022000000000010000100222002002002200010000000000000000000000000000001
100022003000000000000000000000010000000000000300000020001000010010000000010000000022000000000010000100222002002002200010000000000000000000000000000001
100022000000000000000030000000010300000000000000000020001000010010000000010000000000000000000010000100000002002002200010000000000000000000000000000301
100000000000020222002222000000010000000000000000000020001000010010000000010000000000000000000010000100000002002000000010000000322220022200000000000001
100000000000000222002222000000010000000000000000000020001000010010000000010000000000000000000010000100000000000000000000000000022220022200000000000001
130000000000000000002222000000010000000000000000000000001000010010000000010000000000000000000010000100000000000002220300000000022220000000000000000001
100000000000000000000000000000010000003000000000000000301000010010000000010000000003000000000010000100000200000002220000000000000000022030000000000001
100000000000000300000000000000010000000000000000000000001000010010000000010000000000000000000010000100000200000002220000000000000000022000000030000001
100000000000000000000000000000010000000000000000000000001000013010000000010000000000000000000010000103000200000002220010000000000000000000002202200001
100000000300000000000000000000013000000000000030002200001000010010000220010000000000000000000010000100000200003000000010000000000000000000002202200001
100000000000000000000000000000010000000000000000002200001000010010000220010000000000000000000010000100000200000000000010000030000000000000000002200001
100000000000000000000000000000010000000000000000002200001000010010000220010002222002202000000010000100000000000000000010000000000000000000000000000001
100300000000000000000000000000010000000000000000002200001000010010000220010002222000000003000010000100000000000000000010000000000000222200000000000001
100000000000000000000030000000010000000003000000000000001000000010000000010002222000000000000010000100000300000000000310000000000000000000000002200001
100000000000000000000000000003010000000000000000000000001000000010000003010000000000000000000010000100000000000000000010000000000000300000000002200001
100000000000000000000000000000010000000000000002202200001003000010000000010000000000000000000010000100000000000000000010000000000000000000000032200001
100000000000003000022200000000010000000000000002202230001000000010000000010000000000000000000010000100000000000000000010000000000000000000000000000001
100000000000000000022200000000010000000000000000002200001000010010000000010000200000002000000010000100000000000000000010000000000000000000000000000001
100000300000000000022200000000010000000000000000000000001000010013000000010000000300002000000010000100000000000000000010000000000000000000000000000301
100000000000000000022200000000010000000000000000000000001000010010000001110000222000002000000010000100030000000000030010000000000000000000000000020001
100000000000000200000000300000011111111111111111111111111000010000000000000000222000002300000010000100000000000000000010000000000000000000000000020001
100000000000000200000000000000000000000000000000000000000000010000000000000000000000002000000010000100000000000000000010000000000000000000000000020001
100000000000000200020200000000000000000000000000000000030000010000000000300000000000002000000010000100000000000000000010000000000000000000000000020001
100002000000000200020000000000000000000000000000000000000000010022200220200000222200002000000013000111111111111111111110000202220000200000000000020001
100002000003000000000000000000000000300000000000000000000000010022200000000000222200000000000010000000000000000000000000000302220000200030000000000001
100002000000000000000000000000000000000000000000000000000000010022200000000000000000000000000010000000000000000000000000000000000000200000000000000001
100002000000000222022003000000000000000000000000000000000000010000000022200000300000300000000010000000000000000000000000020000000000000000000000000001
100002000000000222022000000000000000000000000030000000000000010000000322200000000000000000000010000000000003000000000000020002222200000000000000000001
100002000000000000000000000000000000000000000000000000000000010000000022200000000000000000000010000111111111111111111110000002222200000000000222000001
100002030000000000000000000000000000000002222222000000000220013000000000000000000000000003000010000100000000000000000010000002222200000000000222000001
100000002222200222000000000000000000000002222222000000000000010000000000000000000000002020000010000100000000000000000010022000000000000000000222000001
100000000000000222000000000000000000000000000000000000000000010000002022200000000000002000000010000100000000000000000010022000000000000000000000000031
100000000000000000000000000000000000000000000000000000000220010000000022200000000000000000000010030100000000000000300010022000000000000000000000000001
100000000000000200000000000000000000003000030000000000000220010000000000000000000000000000000010000100000000000000000010030000000222200000000220200001
100000000000000030000000000000000000000000000000000000000220010000000000000000000003002222000010000100000000000000000010000022030000000000000220000001
100000000000000000000000000030000000000000000000000000000220010000000000000000000000002222000010000100003000000000000010000022000000000000000220000001
100000000000000000000000000000000022200000000022220000000220010000000032020000000000000000000010000100000000000000000010000022000220000000030000000001
130000003000000000000000000000000000000000000000000000000000013000000002000030000000000000000010000100000000000000000010000022000000000000000000000001
100000000000000000000000000000000000000000000030000000030000010000000000000000000000000000000010000100000000000300000010000000002000000000000000000001
100000000000000000000000022020002022000000000000000000000000010000000000000000000000000022000010000100000000000000000010000000002000000000000000000001
100002200000000000000003022000000000000000000000000000000000010000000002200000000000000022000010000100000000200000000010000000002000000000000000000001
100002200000000000000000022000000000000000000000000000000000010000000002200000000000000322000010000100000000000000000010000000000000000000000000000001
100002200000000000000000000000000000300000000000002222222000010000000002230000000000000022000010000100000200200000000010000003000000000000000000000001
100002200000003000000000000000000000000000000000000300000000010000000002200000000000000022000010000130000200202022003010000000002000000000000222000001
100300000000000000000000022200000000000000000000000000000000010000000000000000000000000022000010000100000200000022000010000000002000000000000000000301
100000000000000000000000030000222002000000000000000000000000010000000000000000000000000022000010000100000200000022000010000000000000300000000000000001
100000000000000000000000000000222002000000300000000000000030010000300000000000000000000000000010000000000203000000000010000000000000000000000000000001
100022222002202200000000000000000002000000000000000000000000010000000000000000000000000000000010000000000000000000000010000000000000000000300000000001
100000000000002200300000000000220300000000000000000000022020010000000000003000000030000003000010000000000000000022220010000003000000000000000000000001
100000000300000000000000000000220000000000000000000000000000010000000000000000000000000000000010000000000000000022220010000000000000000002020022000001
100000000000000000000000000000000000000000000000000030000000010000000000000000000000000000000010000100000000000000000010000000000000000000020022030001
130000000000000000220000000030000220000000000000000000022220010000000000000000000000000000000010000100000000000000000013000000000000000000000022000001
100000000000000000220000000000000220000000000000000000022220010000000000000000000000000000000013000100000000000000000010000000000000000000000022000001
100000000000000000220000000000000220000000000000000000000000010000003000000030000000000000000010000100000003000000000010000000000000000000000022000001
100000000000000000220000000000000220000000000000000000000000011111111111111111111111111111111110000111111111111111111110000000000000000000000000000001
100000000000000030220000000000000220000000000300000000000000300000000000000000000000000000000000000000000000000000000000000000000000000000000000000001
100000000000000000000000000000000000300000000000000000000000000000000000000000000000000000000000000000000000000000000000000000000000000000000000300001
100000000000000000000000000000000000000000000000000000000000000000000000000000000000000000000000000000000000000000000000000000000000000000000000000001
100000000300000000000000300000000000000000000000000000000000000000000000000000000000000000000000000000000000000000000300000000000000000000000000000001
100000000000000000000000000000000000000000000000000030000000000000000000000000003000000000030000000300000030000000000000000003000000000300000000000001
111111111111111111111111111111111111111111111111111111111111111111444411111111111111111111111111111111111111111111111111111111111111111111111111111111
