111111111111111111111111111111111111111111111111111111111111111111111111111111111111111111111111111111111111111111111111111111111111111111111111111111
100000000000000000000000000000000000000000000000000000000000000000000000000300000000000000030000000300000000000000000000000000000000000000000000000001
100000000000000000000000000000000000000030000000000030000000000000000000000000000000000000000000000000000030000000000000000000000000030000000000000001
100000000003000000000000000300000000000000000000000000000000003000000300000000000000000000000000000000000000000000000000000000000000000000000000000031
100000222000000000000000000000000000000000000000000000000000000000000000000000000000000000000000000000000000000000000000000000000000000000000000000001
100000222000000000030000000000000000000000000000000000000000000000000000000000000000000000000000000000000000000000000000000030000000000000000000000001
100030000000000000000222000000000000300002200222000000000000011111111111111111111111111111111110000111111111111111111111111111111111111111111111000001
100000000000000000000222000002200000000002200000000000000000010000000000000000000300000000000010000100000000000000000000000000000000000000000001000001
100000222000000000000222000002200000000002200000000000000000010000000000030000000000000000000010000100000000000003000000000000000000000000003001000001
100000000000000000000222000002200000000000000022220000000000010010000001111100001100000011110010000100111111111111111000000000000000000000000001000001
100000000000000000000000000002203000000002000000000000000000310010000000000100001000000000010010030100100000000000001000000000000000000000000001000001
100000200000002222200000000000000000000000000000000000000000010010000000000100001000000000010010000100100000000000001000000000000000030000000001000001
100000200000002222200222300000000000000000000000000300000000010010000000000100001000000000310010000100000000000000001000000000000000000000000001000001
100000000000000000000222000000000000000000000000000000000000010010020000000100001000000000010010000100000000000000001000000002022002000022222001000001
100000000000000000000000000000220000003000000000000000000000010010020000300100001000000000010010000100000000000000001000000000022002000022222001000001
100000000000003000000000000000220000000000000000000000000000010010320000000100001000000000010010000100000000000000001000000000022002000000000001000001
100000000000000000000000000000220000000000000000000000000000010010000000000100001000000000010010000100000000000000001003000000000002000000000001003001
100000000000000000000000000000220000000000000000000000000000010010000000000100001000030000010010000100100000000000001000000000000002000020220001000004
100000000000000022000000000300220000000000000000000000300000010010022000000100001000000000010010000100100000000000001000000000000000000020220001000004
100000000000000022000000000000000000000000000000000000222200310010000000000100001000000000010010000100100030000000001000000000000003000000000001000004
100300000000000022000000000000000000000000000000000000222200010010000000000100001000000000010010000100100000000000001000000000000000000000000001000001
100000000000000022000000000000000000000000300000000000222200010010000000000100301000000000010010000100100000000000001000000000000000000000000001000001
100000000022200022000000000000000000000000000000030000000000010010300000000100001000000000010010000100100000000000001000000000000000000000000001000001
100000000022200000000000000000000003000000000000000000000000010010000000000100001000000030010010000100100000000000001000000000000000000003000001000001
100000000000000000300000000000000000000000000000000000220220010010000000000100001000000000010010000100100000000200001000000000000000000000000001000001
100000000000000000002200220000000000000000000000000000223220010010000000000100001000000000010010000100100000000000001000000000000000000000000001000001
100000000300000000000000220000000000000000000000000000220000010010000020003100001000000000010010000100100222200220001000300000000000000000000001000001
100000002200220220000000220000000000000000000000000000000000010010000020000100001000000000010010300100100222200000001000000000000000000000000001000001
100000002200220220000030000000000222220000000000000000000000010010000020000100001000000000010010000100100000000000001000000000003000000000000001030001
100000002200220000000000000000000000000000000000000000000000010010000020000100001030000000010010000100100300000030001000000000000000000003000001000001
100000000000000000000000000000030000000000000000000000000000010310000020000100001000000030010010000100100000000000001000000000000000000000000001000001
400000000000000000000000000000000000000000000000000030000000010010000030000100001000000000010010000100100000000000001000000000000000000000000001000001
400000000000000030000000000000000000000000003000000000000000000010000000000100001000000000010010000100100000000222001000000000000000000000000001000001
400300000000000000000003000000000000000000000000000000000000000010000000000100001000000000010010000100100000000222001000000300000000000000000001000001
100000000000000000000000000000000000000000000000000000000000000010000000000100001000000000010010000100100000000000001000000000000000000000003001000031
100000000020000222020000000000000000000000000000000000000222200010000000000100001000000000010010000100100000000000031000000000000000000000000001000001
100000000003000222000000000000000000002222222000000000000000000011111111111100001111111111110310000100100000000000001000000000000000000000000001000001
100002220020000000000000000000000000000000000000000000003000000000000000300000000000000300000010000100100000000000001000000000000300000222220001000001
100000000020000000300200000000000000000000000000003000000000010000000000000000000000000000000010000100100000000000001000000000000000000222220001000001
100000000000000222000000000000000000003000000000000000000000010000000000000000000000002200000010000100100003000000001000000000000000000000000001000001
100000000000000222000200000000000000000000000000000000000000010030000000000000000000002200000010000100111111111111111000000000000000222222200001000001
100000000000000000000200000000000000000000000000000000000000010000000000000000000000002200000013000100000000000000000000000000000000222222200031000001
100000000000000000000000000000111111111111111111111111111000010000000000000000000000002200000010000100000000000000000000003000000000000000000001000031
100000000000000000000000000000100000000000000300000000001000010000000222220000000000000000000010000100000020000000000000000000000000300000000001000001
100000000000000000000222000003100000000000000000000000001000010000000222220000000000300000000010000100000020000000000000000000000000000000000001000001
100000000003000000000000000000100000000000000220022200001000010000000000000000300000000000000010000100000020000000000000011111111111111111111001000001
100000000000000000000000000000100000000000000220022200001000010000003000000000000000000000000310000100000020000000000000010000000000000000001001000001
100000000000000000000000000000100000000000000220000000001000010000000000022000000000000000000010000130000020000000000000010000000000000000001001000001
130000000000000000000000000000100000030000000000020000001000010000000000022000000000000000000010000100000000000003000000010000030000000000001001000001
100000000000000000000000000000100000000000000000000300001000010000000000022000000000000000000010000100000000002202200000010000000000000000001001000001
100000000000000000000000000000100000000000000000000000001000010000000000000000000000000000000010000100000000002202200000010000000000000000031001000001
100000000000000000000000000000100000000000000000000000001300010300000000000000000000000000000010000000000000000002200000010000000000000000001001000001
100000003000000000000000000000100000000000000000000000001000010000000002020000000000000003000010000000000000000000000000013000000220220020001001003001
100000000000000000000000000000100000000000000000000000001000010022220000020003000000000000000010000000000000000000000000010000000000220020001001000001
100000000000000000030000000300100000000000000000000000001000010022220000000000000000000000000013000000000000000002222200010000000000000020001001000001
100000000000000022220000000000100000000000000000000000001000010000000300000000000000000000000010000000000000000002222200010000000222000020001001000001
100000000000000000000000000000100000000000000000000000001000010000000000000002222200000000000010000000000000000302222200010000000222000020001001000001
100000000000000000000000000000100000000222220000000000001000010000000000000000000000000000000010000100000000000000000000010000000222000020001001000001
130000000000000000000000000000100000000222220000000000001000010000000002222222000000000300000010000100030000000000000000010000000030000020301001000001
100000000220020000000000000000100000000000030000000300001000013000000002222222000000000000000010000100000000000000222000010000000000000000001001000001
100000000000020000000000000000100030000000000000000000001000010000000000000000000000000000000010000100000000000000222000010000000000000000001001000001
100000000220020000000000000000100000000000000000000000001030010000000000000300000000000000000010000100000000000000000000010000000002222200001001000031
100000003220000000000000000000100000000000000000000000001000010000000300000000000000000000000010000100000000000000000030010000000002222200001001000001
100000000000000022200000000000100000022200000000000000001000010000000000000000000220222000000010000100000000000000222220010000000002222200001001000001
100000000000000022203000000000100000022200000000000000001000010000000000000000000220222000000010000100000000000000000000010000000000000000001001000001
100000000000000000000000000000100000022200222002222000001000010000000002222200003000000000000010000100000022230000000000010000000000000000001001000001
100000000000000000000000000000100000000300222002222000001000010000000000000000000000000000000310000100000000000000000000010000000302220200001001000001
130000000000003002022002200000100000000000000000000000001000010000300000000000000000222200000010000100000000000000000000010000000002220000001001000001
100000220000000000000002200000100022020000000000000000001000010000000000000000000000222200000010000100000022022000000000010000000000000000001001000001
100000223000000000000002200000103022020000000000000000001000010000000000000000000000222200000010000100000000022000000000010000000000000000001001000001
100000000000000000000002200000100000000000000000000000001000010000000000000000000000000000000010000100003000000000000000010000000000000000001001000301
100000222000220222002200000000100000000000000000000000301000010002222000000000000000000000000010000100000000000000000000011111000000111111111001000001
100000222000220222002200000000100000000000000030000000001000010000000000000000000000003000000010000100000000000000000000000030000000000000300001000001
100000000000000000002200000000100000000000000000000000001000010000000300000000000000000000000010000100000000000000300000000000000000000000000001000001
100000000000000000032200000000111111003001111111111111111000011111111111111111111111111111111110000111111111111111111111111111111111111111111111000001
100000220000000000002200000000000000000000000000000000000000000000000000000000000000000000000000000000000003000000000000000000000000000000000000000001
100000220000000000000000030000000000000000000000000000000000000000000000000030000000000000000000000000000000000000000000000000000030000000000000000001
100000220000000000000000000000000000000000000000000000000000000000000000000000000000000000000003000000000000000000000000000000000000000000000022000031
100000220000000000000000000000000000000000000000000000000000000000000000000000000000000000000000000000000000000000000030000000000000000000000022000001
100000000000000000000000000000011111000001111111111111111000011111111111111111111111111111111110000111111111111111111110000000000000022000220022000001
100003002202200222000000000220013000000000000000000000001003010000000000000000000000000000000010000100000000000000000010000000000000000000220322000001
100000002200000222000000000220010000000000030000000000001000010000000000000000000000000000000010000100000000000000000010000000000000300000220000000001
100000000000300222000000000220010000000000000000000000001000010011111111110000000000000000000010000100000000000000000010000003000000022200220000000001
100000000000000222000000000220010000000000000000000000001000010010000000010000000000000000000010000100000000000000000010000000000000022200220000000001
100000000000000222003000000220010000000000000000000000001000010010000000010000220022000000000010000100000000000300000010000000000000022200220000030001
100022000000000000000022220220010000000000000000000000001000010010000030010000220030000000000010000100000000000000000010000000000000000000220000000001
100022000000000000000022220220010000000000000000000000001000010010020000010000220022000000000310000100000000002002200010000000000000000300000000000001
130022000000000000000000000000010000000000000000000000001000010010020000010000000022000000000010000130200000002002200010000000000000000000000000000001
100022000000000000000000000000010000000000000003000003001000010010020000010000000022000000000010000100000000002000000010000000000000000000000000000001
100022000000000000000000000000010000000000000000000020001000010010000000010000000022000000000010000100222002002002200010000300000000000000000000000001
100022000003000000000000000000310000000000000000000020001000010010000000010000000022000000000010000100222002002002200010000000000000000000000000000001
100022000000000000000003000000010000000003000000000020001000010010003000010300000000000000000010000100000002002002200010000000000000000000000000000001
100000000000020222002222000000010000000000000000000020001000013010000000010000000000000000000010000100003002002000003010000000022220022200000000000031
100000000000000222002222000000010000000000000000000020001000010010000000010000000000000000000010000100000000000000000000000000022220022200000000000001
100000000000000000002222000000010000000000000000000000001000010010000000010000000000000000000010000100000000000002220000000000022220000000000000000001
100000000000000000000000000000010000000000000000000000001300010010000000010000000000000000000010000100000200000002220000000000000000022300000030000001
100000000000000000000000000000010000000000000003000000001000010010000000010000000000000000000010000100000200000002220000000000000000022000000000000001
100000000000000000000000000000010000003000000000000000001000010010000000010000000000000000000010000100000200000002220010000000000000000000002202200001
103000000000000000000000000000010000000000000000002200001000010010000220010000000000000000000310000100000200300000000010000000000000000000002202200001
100000000000000000000000003000010000000000000000002200001000010010000220010000300000000300000010000100000200000000000010000000000000000000000002200001
100000000000000000000000000000010000000000000000002200001000010010000220010002222002202000000010000100000000000000000010000000003000000000000000000001
100000000000000000000000000000010000000000000000002200001000013010030220010002222000000000000010000100000000000000000010000000000000222200000030000001
100000000000000000003000000000010300000000000003000000031000000010000000010002222000000000000010000100000000000000000010000000000000000000000002200001
100000000000000000000000000000010000000000000000000000001000000010000000010000000000000000000010000100000000000000000010000000000000000000000002200001
100000000003000000000000000000010000000000000002202200001000000010000000010000000000000000000010000130000000000000000010003000000000000000000002200001
130000000000000000022200000000010000000000000002202200001000300010000000010000000000003000000010000100000000000000000010000000000000030000000000000001
100000000000000000022230000000010000000000000000002200001000010010000000010000203000002000000010000100000000003000000010000000000000000000000000000001
100000000000000000022200000000010000000003000000030000001000010010000000010000000000002000000010000100000000000000000010000000000000000000000000000301
100000000000000000022200000000010000000000000000000000001000010010000001110000222000002000000010000100000000000000000010000000000000000000000000020001
100000000000000200000000000000011111111111111111111111111000010000000000030000222000002000000310000100000000000000000010000000000000000000000000020001
100000000000000200000000003000000000000000000000000000000000010030000000000000000000002000000010000100000000000000000010000000000000000000030000020001
100000000000000200320200000000000000000000000000000000000000010000000000000000000000002000000010000103000000000000000010000000000000000000000000020001
100002000000000200020000000000000000000000000000000000300000010022200220200000222200302000000010000111111111111111111110000232220000200000000000020001
100002000000000000000000000000000000300000000000000000000000010022200000000000222200000000000010000000000000000000000000000002220000200000000000300001
100002000000000000000000000000000000000000000000000000000000010022200000000000000000000000000010000000000000000000000000000000000000200000000000000001
103002000000000222022000000000000000000000000000000000000000010000000022200000000000000000000010000000000000000000000000020000000000000000000000000001
100002000000000222022000000000000000000000000000000000000000010000000022200000000000000000000010030000003000000000000000020002222200300000000000000001
100002000000000000000000000000000000000000030000000000000000010000000022200000000000000000000010000111111111111111111110000002222200000000000222000301
100002000000000000000000000000000000000002222222000000000220010000030000000000000000000000000010000100000000000300000010300002222200000000000222000001
100000002222200222030000000000000000000002222222000000000000010000000000000000000000002020000010000100000000000000000010022000000000000000000222000001
100000000000000222000000000000000003000000000000000000000000010000002022200000000000002000000010000100000000000000000010022000000000000000000000000001
100000000000000000000000000000000000000000000000000000000220010000000022200000000000003000000010000100000000000000000010022000000000000000000000000001
100000000000000200000000000000000000000003000000000000000220010000000000000000000000000000000010000100000000000000000010000000000222200000000220200001
100000000000300000000000000000000000000000000000000000000220310000000000000030000000002222000010000100000000000000000010000022000000000000000220000001
100300000000000000000000000000000000000000000000000000000220010000000000000000000000002222000010000100000000000000000010000022000000000000003220000001
100000000000000000000003000000030022200000000022220000000220010000000002020000000000000000000010000100000000000000000010000022000220000000000000000001
100000000000000000000000000000000000000000000000000000000000010000000002000000000000000000000010000100000000000030000010000022300000000000000000000001
100000000000000000000000000000000000000000000030000000000000010000000000000000000000000000000010000100000000000000000010000000002000030000000000000001
100000000000000000000000022020002022000000000000000000000000010000000000000000000300000022000010000103000000000000000010000000002000000000000000000001
100002200000000000000000022000000000000000000000000000000000010000000002200000000000000022030010000100000000200000000010000000002000000000000000000001
100002200000030000000000022000000000000000000000000000000300010000000002200000000000000022000010000100000000000000000010000000000000000000000000000001
100002200000000000000000000000000000000000000000002222222000010000000302200000000000000022000010000100000200200000000010000000000000000000000000000001
100032200000000000000000003000000000000000000000000000000000010000000002200000000000000022000010000100000200202022000010000000002000000000000222000001
100000000000000000000000022200000000300000000000030000000000010000000000000000000000000022000010000100000200000022003010000000002000000000000000000001
100000000000000000000000000000222002000000000000000000000000010000000000000000000000300022000010000100000200003022000010000000000000000000000030000001
100000000000000000030000000000222002000000000000000000000000010000000000000000000000000000000010000300000200000000000010000000000030000000000000000001
100022222002202200000000000000000002000000000000000000000000010000000000000000000000000000000010000000000000000000000010030000000000000000000000000001
100000000000002200000000000000220000000000000000000000022020010000000000000000000000000000000010000000000000000022220010000000000000000000000000000001
100000000000000000000000000000220000000000300000000000000003010000000000000000000000000000000010000000000000000022220010000000000000000002020022000001
100000000000000000000000000000000000000000000000000000000000010000000000000000000000000000000010000100000000000000000010000000000000000000020022000001
100000000030000000220000000000000220000000000000000000022220010000000000000000000000000000000010000100000000000000000010000000000000000000000022000001
100000000000000000220000000300000220000000000000000000022220010000000000000300000000000000003010000100000000000000000010000000000000000003000022000001
100000000000000000220000000000000223000000000000000003000000010000000030000000000000000000000010000100000000000000300010000000000000000000000022000001
100030000000000000220000000000000220000000000000000000000000011111111111111111111111111111111110000111111111111111111110000000000000000000000000000001
100000000000000000220000000000000220000000000000000000000000000000000000000000030000030000000000000000000000300000000000000000030000000000000000000301
100000000000000000000000000000000000000000000000000000000000000000000000000000000000000000000000003000000000000000000000000000000000000000000000000001
100000000000000000300000000000000000000000000000000000000000000000000000000000000000000000000300000000000000000000000000000000000000000000000000000001
100000000000000000000000000000000000000000300000000000000000000000000000000000000000000000000000000000000000000000000000000000000000000000030000000001
100000000000000000000000000000000000000000000000030000000000000300000000000000000000000000000000000000000000000000003000000000000000000000000000000001
111111111111111111111111111111111111111111111111111111111111111111444411111111111111111111111111111111111111111111111111111111111111111111111111111111
