111111111111111111111111111111111111111111111111111111111111111111111111111111111111111111111111111111111111111111111111111111111111111111111111111111
100000000000000000000000000000000000030000000000300000000000000003000000000000000000000000000000000300000000000000000000000000000000000000300000000001
100000000000030000000000000003000000000000000000000000000000000000000000000000000300000000000000000000000000000000000000000000000000000000000000030001
100300000000000000000000000000000000000000000000000000000000000000000000000000000000000000000000000000000000000000000000000000000000000000000000000001
100000222000000000000000000000000000000000000000000000003000000000000000000000000000000000000000000000000000000000000000030000030000000000000000000001
100000222000000000000000000000000000000000000000000000000000000000000000000000000000000000000000000000000000000000000000000000000000000000000000000001
100000000000000000000222000000000000000002200222000000000000011111111111111111111111111111111110000111111111111111111111111111111111111111111111000001
100000000000000000003222000002200000000002200000000000000000010000000000000000000000000030000010000100000030000003000000000000000000000000000001000001
100000222000000000000222000002200000000002203000000000000000010000000000000000000300000000000010000100000000000000000000000000000003000000000001000001
100000000000000000000222000002230000000000000022220000000000010010300001111100001100000011110010000100111111111111111000000000000000000000000001300001
100000000000000000000000000002200000000002000000000000000000010010000000000100001000000000010010300100100000000000001000000000000000000000000001000001
100030200000002222200000000000000000000000000000000000000000010010000000000100001000000000010010000100100000000000001000000000000000000000000001000001
100000200000002222200222030000000000000000000000000000000000010010000000000100001000000000010010000100000000000000001030000000000000000000000001000001
100000000000000000000222000000000000000000000000000000000000010010020000000100001000000000010010000100000000000000001000000002022002000022222001000001
100000000000000000000000000000220000000000000000000000000000010010020000000100001000000000010010000100000000000000001000000300022002000022222001000001
100000000000000000000000000000220000000000000000000000000000010010020000000100001000000000010010000100000000000000001000000000022002000000000001000001
100000000003000000000000000000220000000000000000000000000000010010000000300100001030000000010010000100000000000000001000000000000002000000000001000001
100000000000000000000000000000220000000000003000000000000000310010000000000100001000000000010010000100100003000000001000000000000002300020220001000004
100000000000000022000000000003220000000000000000000030000000010010022000000100001000000000010010000100100000000000001000000000000000000020220001000004
100000000000000022000000000000000000000000000000000000222200010010000000000100001000000000010010000100100000000000001000000000000000000000000001000034
100000000000000022000003000000000000000000000000000000222200010010000000000100001000000000010010003100100000000000001030000003000000000000000301000001
103000000000000022000000000000000000300000000000000000222200010010000000000100001000000000010010000100100000000000001000000000000000000000000001000001
100000000022200022000000000000000000000000000000000000000000010010000000000100001000000030010010000100100000000000001000000000000000000000000001000001
100000000022200000000000000000000000000003000000000000000000010010000003000100001000000000010010000100100000000000001000000000000003000000000001000001
100000000000000000000000000000000000000000000000000000220220010010000000000100031000000000010010000100100000000200001000000000000000000000000001000001
100000000000000000002200220000000000000000000000000000220220010010000000000100001000000000010010000100100000000000001000000000000000000000000001000001
100000000000000000000000220000000000000000000000000000220000010010000020000100001000000000010010000100103222200220001000000000000000000000000001000001
100000002200220220000000220000000000000000000000000000003000010010000020000100001000000000010010030100100222200000001000000000000000000000000001000001
100000002200220220000000000000030222220000000000000000000000010013000020000100001000000000010010000100100000003000001000000000000000003000000001000001
130000002200223000000000000000000000000000000030000000000000010010000020000100001000000000010010000100100000000000001000000000000000000000000001300001
100000000000000000000000000000000000000000000000000000000000010010000020000130001000000003010010000100100000000000001000003000000000000000000001000001
400000030000000000000000000000000000000000000000000000000000010010000000000100001000000000010010000100100000000000001000000000000000000000000001000001
400000000000000000000000000000000000000000000000000000000000000010000000000100001000000000010010000100100000000222001000000000000030000000000001000001
400000000000000000000000000000000000000000000000000000000000000010000000000100001000000000010010000100100000000222001000000000000000000000000001000001
100000000000000000000000000000000000030000000000000000000000000010000000000100001000000000010010030100100000000000031000000000000000000000000001000001
100000000020000222020000000000000000000000000000000000003222200010000000000100001000000000010010000100100000000000001000000000000000000000000001000001
100000000000000222000300000000000000002222222000000000000000000011111111111100001111111111110010000100100000000000001000000000000000000000000001000001
100302220020000000000000000000000000000000000000000000000000000000000030000000000000000000000010000100100300000000001000000000000000003222220001000001
100000000020000000000200000030000000000000000000000000000000010000000000000000000003000000000010000100100000000000001000000000000000000222220001000001
100000000000030222000000000000000000000000000000000000000000010000000000000000000000002200000310000100100000000000001000000000000000000000000001000031
100000000000000222000200000000000000000000003000000000000000010000000000000000000000002200000010000100111111111111111000000300000000222222200001000001
100000000000000000000200000000000000000300000000000000000000010030000000000000000000002200000010000100000000000000000000000000000000222222200001000001
100000000000000000000000000000111111111111111111111111111000010000000000000000000000002200000010000100000000000000000000000000003000000000000001000001
100000000000000000000000000000100000000000000000000300001030010000000222220000000000000000000010000100000020000000000000000000000000000000000001000001
100000000000000000300222000000100000000000000000000000001000010000000222220000000000000003000010000100000020000003000000000000000000000000300001000001
100300000000000000000000000000100000000000000220022200001000010000000000000000000000000000000010000100000020000000000000011111111111111111111001000001
100000000000000000000000000003100000000000000220022200001000010000000000000000000000000000000010000100000320000000000000010300000000000000001001000001
100000000300000000000000000000100000000000000220000000001000010000000000022003000000000000000010000100000020000000000000010000000000000000001001000001
100000000000000000000000300000100000000000000000020000001000010000300000022000000000000000000010000100000000000000000000010000000000000000001001000001
100000000000000000000000000000100000000300000000000000301000010000000000022000000000030000000010003100000000002202200000010000000000000000001001000001
100000000000000000000000000000100000000000000000000000001000010000000000000000000000000000000010000100000000002202200000010000000000000000001001000001
130000000000000300000000000000100000000000000000000000001000010000000000300000000000000000000010000000000000000002200000010000030000000000001001003001
100000000000000000000000000000100000000000000000000000001000010000000002020000030000000000000010000000000000000000000000010000000220220320001001000001
100000000000000000000000000000100000000000000000000000001000010022220000020000000000000003000013000000000000000000000000310000000000220020001001000001
100000000000000000000000300000100000000000000000000000001000010022220000000000000000000000000010000000000000000002222200010000000000000020001001000001
100000000300000022220000000000100000000000000000000000001000010000000000000000000000000000000010000000000000030002222200010000000222000020001001000001
100000000000000000000000000000103000000000300000000000001000010000000000000002222200000000000010000000000000000002222200010000000222000020001001000001
100000000000000000000000000000100000000222220000000000001000010000000000000000000000000000000010000100000000000000000000010000000222000020001001000001
100000000000000000000000000000100000000222220000000000001000010000000002222222003000000000000010000100300000000000000000010000000000000020001001000001
130000000220020000000000000000100000000000000000003000001000010000000002222222000000000000000010000100000000000000222000010000000000003000001001000001
100000000000020000000000000000100000000000000000000000001000010300000000030000000000000000000010000100000000000000222000010000000000000000001301000001
100000000220020000030000000000100000000000000000000000001000010000000000000000000000000000000310000100000000000000000000010000000002222200001001000001
100000000220000000000000000000100000000003000000000000001000010000000000000000000000000000000010000100000000000000000000310000000002222200001001000001
100000000000000022200000000000100000022200000000000000001000010000000000000000000220222000000010000100000000000030222220010000000002222200001001000001
100000000000030022200000000030100000022200000000000000001000010000000000000000000220222000000010000100000000000000000000010000003000000000001001000001
130000000000000000000000000000100000322200222002222000001000010000000002222200000000000000000010000100000022200000000000010000000000000000001001000001
100000000000000000000000000000100000000000222002222000001000010000000000000000000000000000000010000100000000000000000000010000000002220200001001003001
100000000000000002022002200000100000000000000000000000001000010000000000000000000000222200000010000100000000000000000000010000000002220000001001000001
100003220000000000000002200000100022020000000000000000001000010000000000000000000300222200030010000100000022022000000000010000000000000000001001000001
100000220000000000000002200000100022020000000000000000001300010000000000000000000000222200000010000100300000022000000003010000000000000000001001000001
100000000000000000000002200000100000000000000000000000001000010000000000300000000000000000000010000100000000000000000000010003000000000000001001000001
100000222000220222002200003000100000000000300000000000001000010002222000000000000000000000000010000100000000000000000000011111000000111111111001000001
100000222000220222002200000000100000000000000000000000001000010000000000000000000000000000000010000100000000000000300000000000000000000000000001000001
100000000000000000002200000000100003000000000000030000001000010000000000000000000000000300000010000100000000000000000000000000000003000000000001000001
100000000000000000002200000000111111000001111111111111111000011111111111111111111111111111111113000111111111111111111111111111111111111111111111000001
100000220000000030002200000000000000000000000000000000000000000000000003000000030000000000000000000000000000030000000000000000000000000003000000000301
100000220000000000000000000000000000000000000000000000000000000000000000000000000000000000000000000000000000000000000000000000000000000000000000000001
100000220000000000000000000000000000000000000000000000000000000000000000000000000000000000000000000000000000000000000000000000000000000000000022000001
100000220030000000000000000000000000000000000000000000000030000000000000000000000000000000000000000000300000000000000030000000000000000000000022000001
100030000000000000000000000000011111000001111111111111111000011111111111111111111111111111111110000111111111111111111110000000000000022000220022000001
100000002202200222000000000220010000000300000000000000001000010000000000000000000000000000003010000100000000000030000010000000000000000000220022000001
100000002200000222000000000220010000000000000000000000001000010000000000000000000000000000000010000100000000000000000010000000000000000300220000003001
100000000000000222030000000223010000000000000000000000001000010011111111110000000030000000000010000100000000000000000010000300000000022200220000000001
100000000000000222000000000220010000000000000000000000001000010010000000010000000000000000000010000100000000000000000010000000000000022200220000000001
100000000000000222000000000220010000000000000000000000001000010010000000010000220022000000000010000100000000000000000010000000000000022200220000000001
100022000000000000000022220220010000000000000000000000001000010010000000010000220000000000000010000100000030000000000010000000000000000000220000000001
100022000000000000000022220220010000000000000000030000001000010010020000010000220022000000300010000100000000002002200010000000000000000000000000000001
100022000000000000000000000000010000000000000000000000001000010010020000010000000022000000000010003100200000002002230010000000000000000000030000000001
100022000000000300000000000000010000300000000000000000001000010010020000013000000022000000000010000100000000002000000010000000000000000000000000000031
100022000000000000000000000000010000000000000000000020001000010010000000010000000022000000000010000100222002002002200010000000000000000000000000000001
100022000000000000000000000000010000000000000000000020001000010010000000010000000022000000000010000100222002002002200010000000000000000000000000000001
100022000000000000000000000030010000000000000000000020001000010010000000010000000000000000000010000100000002002002200010000000000000000000000000000001
100000000000020222002222000000010000000000000000000020001000010010300000010000000000000000000010000100000002002000000010000000022223022200000000000001
100000000000000222002222000000010000000000000000000020001000010010000000010000000000000000300010000100000003000000000000003000022220022200000000000001
100000300000000000002222000000010000000000000000000000001003010010000000010000000030000000000010000100000000000002220000000000022220000000000000000001
100000000000000003000000000000010000030000000000000000001000010010000000010000000000000000000010000130000200000002220000000000000000022000000030000001
100000000000000000000000000000010000000000000000000000001000010010000000010000000000000000000010000100000200000002220000000000000000022000000000000001
100000000000000000000000000000010000000000000000000000001000010010000000010000000000000000000010000100000200000002220310000000030000000000002202200001
100000000000000000000000000000010000000000000000032200001000010010000220010000000000000000000010000100000200000000000010000000000000000000002202200001
100000000000000000000000000000010000000000000000002200001000010010000220310000000000000000000010000100000200000000000010000000000000000300000002200001
100000000000000000000000000000010000000000000000002200001000010010000220010002222002202000000010000100000000000000000010000000000000000000000000000001
100000000000000000000000000000010000000000000000002200001000010010000220010002222000000000300010000100000000000000000010000000000000222200000000000001
100000000000000000000000300000010000000000000000000000001000000010000000010002222030000000000010000100000003000000000010000000000000000000000002200001
100000000000000000000000000000010000000000000000000000001000000010000000010000000000000000000010000100000000000000000010000000000000000000000002200001
130000000000000000000000000000010000000000000002202200001000000010003000010000000000000000000010000100000000000000300010000000000000000000000002200001
100000300000000000022200000000010000000000000002202200031000000010000000010000000000000000000010000100000000000000000010000003000000000000000000000001
100000000000000000022200000000013000000000000000002200001000010010000000010000200000002000000010000100000000000000000010000000000000000000000000000301
100000000000000000022200000000010000000000000000003000001000010010000000010000000000002000000010000100000000300000000010000000000000000000000000000001
100000000000000030022200000000010000000000000000000000001000010010000001110000222000002000000013000100000000000000000010000000000000000000000000020001
100000000000000200000000000000011111111111111111111111111000010000000000003000222000002003000010000100000000000000000010000000000000003000000000020001
100000000000000200000000000000000000003000000000000000000000010000030000000000000000002000000010000100300000000000000010000000000000000000000000020001
100000000000000200020200000000000000000000000000000000000000310000000000000000000000002000000010000100000000000000000310000000000000000000000000020001
100002000000000200020000030000000000000000000000000000000000010022200220200000222203002000000010000111111111111111111110000202220000200000000000020001
100002000000000000000000000000000000000000000000000000000000010022200000000000222200000000000010000000000000000000000000000002220000200000000000000001
100002000000000000000000000000000000000000000003000000000000010022200000000000000000000000000010000000000000000000000000000000000000200000000000000001
100302000000000222022000000000000000000000000000000000000000010000000022200000000000000000000010300000000000000000000000020000300000000003000000000001
100002000000003222022000000000000000000000000000000000000000010000000022200000000000000000000010000000000000300000000000020002222200000000000000300001
100002000000000000000000000000000000000000000000000000000000010000000022203000000000000000000010000111111111111111111110000002222200000000000222000001
100002000000000000000000000000000000000002222222000000000220010000000000000000000000000000000010000100000000000000000010000002222200000000000222000001
100000002222200222000000000030000000000002222222000000000030010000000000000000000000002023000010000100000000000000000010022000000000000000000222000001
100000000000000222000000000000000000000000300000000000000000010000002022200000000000002000000010000100000000000000000013022000000000000000000000000001
100000300000000000000030000000000000000000000000000000000220010000000022200000000000000000000010000100000000000000000010022000300000000000000000003001
100000000000000200000000000000000000000000000000000000000220010000000000000000000003000000000010000100000000000000000010000000000222200000000220200001
100000000000000000000000000000000000000000000000000000000220010000000000000000000000002222000010000100000000000000000010000022000000000000030220000001
100000000000000000000000000000000300000000000000000000000220010000003000000000000000002222000010003100000000000000000010000022000003000000000220000001
100000000000030000000000000000000022200000000022223000000220010000000002020000000000000000000010000100000300000000000010000022000220000000000000000001
100000000000000000000000000000000000000000000000000000000000010000000002000000000000000000000010000100000000000300000010000022000000000000000000000001
100000000000000000000000030000000000000000000000000000000003010000000000000000000000000000000010000100000000000000000010000000002000000000000000000001
100000000000000000000000022020002022003000000000000000000000010000000000000000000000000022000010000100000000000000000010000000002000000000000000030001
100002200000000000000000022000000000000000000000000000000000010000000002200300000000000022030010000100000000200000000010000000002000000000000000000001
130002200000000000000000022000000000000000000000000000000000010000000002200000000000000022000010000100000000000000000010030000000000000000000000000001
100002200000000000000000000000000000000000000000002222222000010000300002200000000000000022000010000100000200200000000010000000000000000000000000000001
100002200000000000030000000000000000000000000000000000000000010000000002200000000000000022000010000100000200202022000010000000002000000000000222000001
100000000003000000000000022200000000000000030000000000000000010000000000000000000000000022000010000100000200000022000010000000002000000000000000000001
100000000000000000000000000000222002000000000000000000000000010000000000000000000003000022000010003100000200000022003010000000300000000000000000000001
100000000000000000000000030000222002000000000000000000000000010000000000000000000000000000000010000000000200300000000010000000000000000000030000000001
100022222002202200000000000000000002000000000000000000000000010000000000000000000000000000000010000000000000000000000010000000000000000000000000000001
100000000000002200000000000000220000000000000000000000022020010000000000000000000000000000003010000000000000000022220010000000000000000000000000000001
100000000000000000000000000000223000000000000000000000300000010000000000000000000000000000000010000000000000000022220010000000000000000002020022000001
100000000000000000030000000000000000000000000000000000000000010000000300000000000000000000000010000100030000000000000010000000000000000000020022000031
103000000000000000220000000000000220000000000000000000022220010000000000000000000000000000000010000100000000000000000010000300000000000000000022000001
100000000000000000220000000000000220000003000000000000022220010000000000000000000000000000000010000100000000000000000010000000000000000000000022000001
100000000000000000220000000000000220000000000000000000000000010000000000000000000000000000000010000100000000000000000010000000000000000000000022000001
100000000000000000220000000000000220000000000000000000000000011111111111111111111111111111111110000111111111111111111110000000000000000000000000000001
100000003000000000220000300000000220000000000000000000000000000000000000000000000000000000000000000000000000000000000000000000000030000000000000000001
100000000000000000000000000000000000000000000000000000000000300000000000000300000000000000000000000000000000000000300000030000000000000000003000000001
100000000000000000000000000000003000000000000000000300000000000000000000000000000000000000000000030000000000000000000000000000000000000000000000000001
100000000000000000000000000000000000000003000000000000000000000000000000000000000000000003000000000000000000000000000000000000000000000000000000000031
100000000000030000000000000000000000000000000000000000000000000000000000000000000030000000000000000000000000000000000000000000000000000000000000000001
111111111111111111111111111111111111111111111111111111111111111111444411111111111111111111111111111111111111111111111111111111111111111111111111111111
