111111111111111111111111111111111111111111111111111111111111111111111111111111111111111111111111111111111111111111111111111111111111111111111111111111
100000000000000000000000000300000030000000000000000003000000003000000030000000000003000000000000000000000000000000000000000000000000000000000000000001
100000003000000000000000000000000000000000030000000000000000000000000000000000000000000000000000000000000000000000000000000000000000000000000000003001
100000000000000000000000000000000000000000000000000000000000000000000000000000000000000000000000000003000000000000000000000000000000030000000000000001
100000222000000000000000000000000000000000000000000000000000000000000000000000000000000000000000000000000000000000000000000030000000000000000000000001
100000222000000000000000000000000000000000000000000000000000000000000000000000000000000000000000000000000000030000000000000000000000000000000000000001
100000000000000000000222000000000000000002200222003000000000011111111111111111111111111111111110000111111111111111111111111111111111111111111111000001
100000000000000000000222000002200000000002200000000000000000010003000000000000000000000000300010000100000000000000000000000000000000000000000001000001
100000222000000003000222000002200300000002200000000000000000010000000000000000000000000000000010000100000000000000000000000000000000000000000001000001
100000000300000000000222000002200000000000000022220000000000010010000001111100001100000011110010000100111111111111111000000000000300000000000001000001
100000000000000000000000000002200000000002030000000000000000010010000000300100001000000000010010000103100000000000001000000000000000000000000001000001
130000200000002222200000000000000000000000000000000000000000010010000000000100001000000000010010000100100000030000001000000000000000000000003001000001
100000200000002222200222000000000000000000000000000000000000310010000000000100031000000000010010000100000000000000001300000000000000000000000001000001
100000000000000000000222030000000000000000000000030000000000010010020000000100001000000000010010000100000000000000001000000002022002000022222001000001
100000000000000000000000000000220000000000000000000000000000010010020000000100001000000030010010000100000000000000001000000000022002000022222001000001
100000000000000000000000000000220000000000000000000000000000010010020000000100001000000000010010000100000000000000001000000000022002000300000001000001
100000000000000000300000000000220000000000000000000000000000010010000003000100001000000000010010000100000000000000001000000000000002000000000001000001
100000000000000000000000000000220000000030000000000000000000010010000000000100001000000000010013000100100000000030001000000000000002000020220001000034
100000000000000022000000000000220000000000000000000000000000010010022000000100001003000000010010000100100000000000001000000000000300000020220001000004
100000000000000022000000000000000300000000000000000000222200010010000000000100001000000000010010000100100000000000001000000000000000000000000001000004
100000000003000022000000000000000000000000000000000000222200010010000000000100001000000000010010000100100000000000001030000000000000000000000001000001
100000000000000022000000000000000000000000000000000000222200010010000000000100001000000003010010000100100000000000001000000000000000000000300001000001
100000000022200022000000000000000000000000000000300000000000010010000000000100001000000000010010000100100000000000001000000000000000000000000001000301
100000000022200000000000000000000000000000000000000000000000010010000000000100001000000000010010000100100030000000001000000030000000000000000001000001
130000000000000000000000000030000000000000000000000000220220010010000003000100001000000000010010000100100000000200001000000000000000000000000001000001
100000000000000000002200220000000000000000000000000000220220010010000000000100001000000000010010000100100000000000001000000000000000000000000001000001
100000000000000000000000220000000003000003000000000000220003010010000020000100001000000000010010000100100222200220001000000000000300000000000001000001
100000002200220220000030220000000000000000000000000000000000010010000020000100001000000000010010000100100222200000001000000000000000000000000001000001
100000002200220220000000000000000222220000000000000000000000010010000020000100301000000000010010300100100000000000001000000000000000000000000001003001
100000002200220000000000000000000000000000000000000000000000010010000020000100001000003000010010000100100000000003001000000000000000000000000001000001
100000000000000000000000000000000000000000000000000000000000010010300020000100001000000000010010000100100000000000001000000300000000000000000001000001
400000000000000000000000000000000000000000000030000000000000010010000000000100001000000000010010000100103000000000001000000000000000000000000001000001
400000030000000000000000000000000000000000000000000000000000000010000000000100001000000000010010000100100000000222001000000000000000003000000001000001
400000000000000000000000000000000000000000000000000000000000000010000000000100001000000000010010000100100000000222001000000000000000000000000001000001
100000000000000000000000000000000000000000000000000000030000000010000000000100001000000000010010000100100000000000001000000000000000000000000001000001
100000000020000222020000000003000000000000000000000000000222200010000000000100001003000000010010000100100000000000001000000000000000000000000001000001
100000000000000222000003000000000000002222222000000000000000000011111111111100001111111111110010000100100000000000001000000000000000000000000001000001
100002220020000000000000000000000000000000000000000000000000000000000000030000000000000000000310000100100300000000001000000000000000000222220001000001
103000000020000000000200000000000000000300000000000000000000013000000000000000000000000000000010000100100000000000001000000000000000000222220001000001
100000000000000222000000000000000000000000000000000000000000010000000000000000000000002200000010000100100000000000001000000000000000000000000001000001
100000000300000222000200000000000000000000000003000000000000010000000000000000000000002200000010000100111111111111111030000000030000222222200001000001
100000000000000000000200000000000000000000000000000000000000010000000000000000000000002200000010000100000000000000000000000000000000222222230001000001
100000000000000000000000000000111111111111111111111111111000010000000000000000000030002200000010000100000000300000000000000000000000000000000001000001
100000000000000000000000000000100000000000000000000000001000010000000222220000000000000000000010000100000020000000000000000000000000030000000001300001
100000000000000000003222000030100000000000000000000000001000010000300222220000000000000000000010000100030020000000000000000000000000000000000001000001
100000000000003000000000000000100000000000000220022200001000010000000000000000000000000003000010000100000020000000000000011111111111111111111001000001
100000000000000000000000000000100000000000000220022200001000010000000000000000000000000000000010000100000020000000000000010000000000000000001001000001
100003000000000000000000000000100000000000000220000000001000010000000000322000000000000000000010000100000020000000000000010000000000000000001001000001
100000000000000000000000000000100000000000000000020030001000010000000000022000000000000000000010000100000000000000000000010000000000000000031001000001
100000000000000000000000000000100000300000030000000000001000010000000000022000000300000000000010000100000000002202200000010000000000000000001001000001
100000000000000000000000000000100000000000000000000000001000010000000000000000000000000000000010000100000000002202200000010000000000000000001001000001
100000000000000000000000000000100000000000000000000000001000010000000000000000000000000000000010000000000000000032200000010000000000030000001001000001
100000000000000000030000000000100000000000000000000000001000010000000002020000000000000000000010000000030000000000000000010000000220220020001001000001
100000000000000000000000030000100000000000000000000000001000010022220000020000000000000000030010000000000000000000000000010000030000220020001001000001
100000000000000000000000000000100000000000000000300000001000010022223000000000000000000000000010000000000000000002222200010000000000000020001001000031
100000000000000022220000000000100000000000000000000000001000010000000000000000300000000000000010000000000000000002222200010000000222000020001001000001
100000000000000000000000000000100000000000000000000000001000010000000000000002222200030000000010000000000000000002222200010000000222000320001001000001
100000000000003000000000000000100000000222220000000000001000010000000000000000000000000000000010000100000000000000000000010000000222000020001001000001
100030000000000000000300000000100000000222220000000000001000310000000002222222000000000000000010000100000000000000000000310000000000000020001001000001
100000000220020000000000000000100000000003000000000000001000010000000002222222000000000000000010000100003000000000222000010000030000000000001031000001
100000000000020000000000000000100000000000000000000000001000010000000000000000000000000000000010030100000000000000222000010000000000000000001001000001
100000000220020000000000000000103000000000000000000000001000010000000000000000000000000000000010000100000000000000000000010000000002222200001001000001
100000000220000000000000000000100000000000000000000000001000010000000030000000000030000000000010000100000000000000000000010000000002222200001001000001
100000000000000022200000000000100000022200000000030000001000010000000000000000000220222000000010000100000000000300222220010000000002222200001001000001
100000000000000022200003000000100000022200000000000000001000010000000000000000000220222030000010000100000000000000000000010000000000003000001001000301
100000000000000000000000000000100000022200222002222000001000010000000002222200000000000000000010000100000022200000000000010000000000000000001001000001
100000000000000000000000000000100000000000222002222000001000013000000000000000000000000000000010000100000000000000000000010000000002220200001001000001
100300000000000302022002200000100000000000000000000000001000010000000000000300000000222200000010030100000000000000000000010000000002220000001001000001
100000220000000000000002200000100022020000000000000000001000010000000000000000000000222200000010000100000022022000000000010000000000000000001001000001
100000220000000000000002200000130022020003000000000000001000010000000000000000000000222200000010000100000000022000300003010000000000000000001001000001
100000000000000000000002200000100000000000000000000000001000010000000000000000000000000000000010000100000000000000000000010000003000000000001001000001
100000222300220222002200000000100000000000000000003000001000010002222000000000000000000000000010000100000000000000000000011111000000111111111001300001
100000222000220222002200000000100000000000000000000000001000010000000000000000000000000000030010000100000000003000000000000000000000000000000001000001
100000000000000000002200000000100000000000000000000000001000010003000000000000000000000000000010000100000000000000000000000000000000000000000001000001
100000000000000000002200300000111111000001111111111111111000011111111111111111111111111111111110000111111111111111111111111111111111111111111111000001
100000220000000000002200000000000000000000000000000000000000000000000000000000000000000000000000000000003000000000000000000000000000000000000000000001
100000220000000000000000000000000000000000000000000000000000000000000000000000000000000000000000000000000000000000000000000000000000000000000000000001
100000220000300000000000000000000000000000000000000000000003000000000000003000000000000000000000000000000000000000000000003000000000000000000022000001
100000220000000000000000000000000000000000000000000000000000000000000000000000000000000000000000000000000000000000000000000000000000000000000022000001
103000000000000000000000000000011111030001111111111111111000011111111111111111111111111111111110000111111111111111111110000000000000322000220022000001
100000002202200222000000030220010000000000003000000300001000010000300000000000000030000000000010000100000000000000000010000000000000000000223022000001
100000002200000222003000000220010000000000000000000000001000010000000000000000000000000000000010000130000000000000000010000000000000000000220000000001
100000000000000222000000000220010000000000000000000000001000010011111111110000000000000000030010000100000000000000000010000000000000022200220000000001
100000000000000222000000000220010000000000000000000000001000010010000000010000000000000000000010000100000000000000030010000000300000022200220000000301
100000000000000222000000000220013000000000000000000000001000010010000000010000220022000000000010000100000000000000000010000000000000022200220000000001
100022000000000000000022220220010000000000000000000000001000010010000000010000220000000000000010000100000000000000000010000000000000000000220000000001
100022000000000000000022220220010000000000000000000000001000013010020000010000220022000000000010000100000000002002200010000000000000000000000000000001
100022000000000000300000000000010000000000000000000000001000010010020000010000000022000000000013000100200000002002200010000000000000000000000000000001
100022000003000000000000000000010000000000030000000000001000010010020000010000000022000000000010000100000000002000000010000000000000000000000000000001
100022000000000000000000000000010000000000000000000020001000010010000000310000000022000000000010000100222002002002200010000030000000000000030000000001
103022000000000000000000000003010000000000000000000020301000010010000000010000000022000000000010000100222002002302200010000000000000000000000000000001
100022000000000000000000000000010000000000000000300020001000010013000000010000000000000300000010000100000002002002200010000000000003000000000000000001
100000000000020222002222000000010000000000000000000020001000010010000000010000030000000000000010003100000002002000000010000000022220022200000000000001
100000000000000222002222000000010000000000000000000020001000010010000000010000000000000000000010000100000000000000000000000000022220022200000000000031
100000000000000300002222000000010000000000000000000000001000010010000000010000000000000000000010000100000000000002220000000000022220000000000000000001
100000000000000000000000000000010000000000000000000000001000010010000000010300000000000000000010000100000200000002220000300000000000022000000000000001
100000000000000000000000000000010000000000000000000000001000010010000300010000000000000000000010000100003200000032220000000000000000022000003000000001
100000000000000000000000000000010000000000000000000000001000010010000000010000000000000000000010000100000200000002220010000000000000000000002202200001
100000000000000000003000000000010000000000000000002200001000010010000220010000030000000000000010000100000200000000000010000000000000000000002202200001
100000000000000000000000000000010000000000000000002200001000010010000220010000000000000003000010030100000200000000000010000000000000000000000002200001
100000000003000000000000000000010003000000000000002200001000010010000220010002222002202000000010000100000000000000000010000003000000000000000000000001
100300000000000000000000000000010000000000300000002200001000310010000220010002222000000000000010000100000000000000000010000000000000222200000000000001
100000000000000000000000000000010000000000000000000000001000000010000000010002222000000000000010000100000000000000000010000000000000000030000002200001
100000000000000000000000000000010000000000000000000000001000000010000000010000000000000000000010000100000003000000030010000000000000000000000002200001
100000000000000000000000000000010000000000000002202200001000000010000000010000000000000000000010000100000000000000000010000000000000000000000002200001
100000000000000000022200000000010000000000000002202200001000000010000000010000300000000000000010000100000000000000000010000000000000000000000000000001
100000000000000030022200000000010000000000000000002200001000010010000000010000200000002000000010000100000000000000000010000000000000000000000000000301
100000000000000000022200000000010000000000000000000003001000010010000000010000000000002030000010000130000000000000000010000000000000000000000000000001
100000000000000000022200000000010000000000300000000000001000010310000001110000222000002000000010000100000000000000000010000000300000000300000000020001
100003000000000200000000000000011111111111111111111111111000010000000000030000222000002000000010000100000000000000000010000000000000000000000000020001
100000000000030200000000000000000000000000000000000000000000010000000000000000000000002000000010000100000000000000000013000000000000000000000000020001
100000000000000200020200000000000000000000000000000000000000010000000000000000000000002000000010000100000000000003000010000000000000000000000000020001
100002000000000200023000000003000000000000000000000000000000010022200220200000222200002000000010000111111111111111111110000202220000200000000000020001
100002000000000000000000000000000000000000000000300000000000010022200000000000222200000000000010003000000000000000000000000002220000200000000000000001
100002000000000000000000000000000000000300000000000000000000010022200000000000000000000000000010000000000030000000000000000000000000200000000000000001
100002000000000222022000000000000000000000000000000000030000010003000022200000000000000000000010000000000000000000000000020000000030000000000000003001
100002000000000222022000000000000000000000000000000000000000010000000022200000030000000000000010000000000000000000000000020002222200000000000000000001
100002000000000000000000000000000000000000000000000000000000010000000022200000000000000000000010000111111111111111111110000002222200000000000222000001
100002003000000000000000000000000000000002222222000000000220010000000000000000000000000000000010000130000000000000000010000002222200000000000222000001
100000002222200222000000300000000000000002222222000000000000010000000000000000000000002020000010000100000000000000000010022000000000000003000222000001
100000000000000222000000000000000000000000000000000000000300010000002022200000000000002000000310000100000000000000000310022000000000000000000000000001
100000000000000000000000000000000000000000000000000000000220010000000022200000000000000000000010000100000000000000000010022000000000000000000000000001
100000000000000200000000000000000000000000000000000000000220013000000000000000000000000000000010000100000000000000000010000000000222200000000220200001
100000000000000000000000000000000000003000000000000000000220010000000000000000000000002222000010000100000000000000000010000022003000000000000220000001
100000000030000000000000000000000000000000000000003000000220010000000000000000000000002222000010000100000000000000000010000022000000000000000220000001
100000000000000000000000000000000022200000000022220000000220010000000002020000000000000000000010000100000000000300000010000022000220000000000000000001
100000000000000000000000000000030000000000000000000000000000010000000002000000000000000000000010000100000000000000000010000022000000000300000030000001
100000000000000003000000000000000000000000000000000000000000010000000000000000000000000000000010000100003000000000000010000000002000000000000000000001
100000000000000000000000022020002022000000000000000000000000010000000000000000000000030022000010000100000000000000000010000000002000000000000000000001
130002200000000000000000022000000000000000000000000000000000010000000032200000000000000022000010000100000000200000000010000000002000000000000000000001
100002200000000000000000022000000000000000000000000000300000010000000002200003000000000022000010000100000000000000000010030000000000000000000000000001
100002200030000000000000000000000000000000000000002222222000310000000002200000000000000022000010003100000200200000000010000000000000000000000000000031
100002200000000000000000000000000000000300000000000000000000010000000002200000000000000022000010000100000200202022000010000000002000000000000222000001
100000000000000000000000022200000000000000000300000000000000010000000000000000000000030022000010000100000200000022000010000000002000000000000000000001
100000000000000300000000000000222002000000000000000000000000010000000000000000000000000022000010000100000200000022000010000000000000030000000000000001
100000000000000000000030000000222002000000000000000000000000010000300000000000000000000000300010000000000200000000000010000000000000000000000000000001
100022222002202200000000000000000002000000000000000000000000010000000000000000000000000000000010000000000000300000000010000000000000000000000000000001
100000000000002200000000000000220003000000000000000000022020010000000000000000000000000000000010000000000000000022220010000000000000000000003000000001
100000000000000000000000000000220000000000000000000000030000010000000000000000003000000000000010000003000000000022220010000000000000000002020022000001
100000000000000000000000000003000000000000000000000000000000010000000000000000000000000000000010000100000000000000000010000030000000000000020022000001
100000000000000000220000000000000220000000000000000000022220010000000000000000000000000000000010000100000000000000000010000000000000000000000022000001
100000000000000000220000000000000220000000000000000000022220010000000000000000000000000000000010000100000000000030000010000000000000300000000022000001
100000000000000000220000000000000220000000003000000000000000010000000000000000000000000300000010000100000000000000000010000000000000000000000022000001
130000000000000000220000000000000220000000000000000000000000011111111111111111111111111111111110003111111111111111111110000000000000000000000000003001
100000000003000000220000000000000220000000000000000000000003000000000000030000000000000000003000000000000000000000000000000000000000000000300000000001
100000000000000000000000000000000003000000000000000000000000000000000000000000000000000000000000000000000000000000000000000000000000000000000000000001
100000000000000000000000000000000000000000000000000000000000000000000000000000000000000000000000000000000000003000000000000000000000000000000000000001
100000000000000000000000000000000000000000000000000000000000000000000000000000000000000000000000000000000000000000000000000000000000000000000000000001
100000000000000000000030000000000000000000000000030000000000000000000000000000000030000000000000000000030000000000000000030000000003000000000000000001
111111111111111111111111111111111111111111111111111111111111111111444411111111111111111111111111111111111111111111111111111111111111111111111111111111
