111111111111111111111111111111111111111111111111111111111111111111111111111111111111111111111111111111111111111111111111111111111111111111111111111111
100000000000000000000030000000000000000000000000000000000000000000000000000000000000000000000030000000000000000000000000300000000000000000300000000301
100000000000000000000000000000000000000000000000000000000000000000300000000000000000000030000000000000000000000000000000000000000000000000000000000001
130000000000000000000000000000000000000000000000000000000000000000000000000000000000000000000000000000000000000000000000000000000000000000000000000001
100000222000000000000000000000000000000000000300000030000000000000000000000030000000000000000000000003000000000300000000000000000000000000000000000001
100000222000000000000000000000000000000000000000000000000000000000000000000000000000000000000000000000000000000000000000000000000000000000000000000001
100000000300000000000222000000300000000002200222000000000000011111111111111111111111111111111110000111111111111111111111111111111111111111111111000001
100000000000000000000222000002200000000002200000000000000030010000000000000000000000000000000010000100000000000000000000000000003000000000000001000001
100000222000000000000222000002200000000002200000000000000000010000000000000000000000003000000010000100000000000000000000003000000000000000000001300001
103000000000000000000222000002200000000000000022220000000000010010000001111100001100000011110010000100111111111111111000000000000000000000000001000001
100000000000000000000000000002200000000002000000000000000000010010300000000100001000000000010010000100100000000000001000000000000000000000000001000001
100000200000002222230000000000000000000000000000000000000000010010000000000100301000000000010010000100100000000000001300000000000000000000000001000001
100000200000002222200222000000000300000003000000000000000000010010000000300100001000000030010010000100000000000000001000000000000000000003000001000001
100000000000000000000222000000000000000000000000000000000000010010020000000100001000000000010010003100000003000000001000000002022002000022222001000001
100000000003000000000000000000220000000000000000000000000000010010020000000100001000000000010010000100000000000000001000000030022002000022222001000001
100000000000000000000000000000220000000000000000000000300000013010020000000100001030000000010010000100000000000000001000000000022002000000000001000001
100030000000000030000000030000220000000000000000000000000000010010000000000100001000000000010010000100000000000000001000000000000002000000000001300001
100000000000000000000000000000220000000000000000000000000000010010000000000100001000000000010010000100100000000000001000000000000002000020220001000004
100000000000000022000000000000220000000000000000000000000000010010022000000100001000000000010010000100100000000000001000030000000000000020220001000004
100000000000000022000000000000000000000000000000000000222200010010000000000100001000000000013010000100100000000000001000000000000000000000000001000004
100000000000000022000000000000000030000000000000000000222200010010000300000100001000000000010010000100100000000000001000000000000000000003000001000001
100000000000000022000000000000000000000000000000000000222200010010000000000100001000030000010010000100100000000000001000000000000000000000000001000001
100000003022200022000000000000000000000000000000000000000000010010000000000100001000000000010010000100100000000000001030000000000003000000000001000001
100000000022200000000000000000000000000000000000000003000000010010000000000100001000000000010010000100100000000000001000000000000000000000000031000001
100000000000000000000000000000000000000000000300000000220220010010000000000100001000000000010010000100100000000230001000000000000000000000000001000001
100000000000000000002200220000000000000000000000000000220220310010000000000100001000000000010010000100100000000000001000000000000000000000000001000001
100000000000000000000000220000000000000000000000000000220000010010030020000130001000000000010010000100100222200220001000000000000000000000000001000001
130000002200220220000000220000000000000000000000000000000000010010000020000100001000000000010010000100100222200000001000000000000000000000000001000001
100000002200220220030000000000000222220000000000000000000000010010000020000100001000003000010010000100100000000000001000030000000000000000000001000001
100000002200220000000000000300000000000000000000000000000000010010000020000100001000000000010010000100100000000000001000000000003000000000000001000001
100000000000000000000000000000000000000000000000003000000000010010000020000100001000000000010010000100100000300000001000000000000000000000000001000001
400000000000000000000000000000000000300000000000000000000000010010000000000100001000000000010010000100100000000000001000000000000000000000000001000001
400000003000000000000000000000000000000000000000000000000300000010000000000100001000000000010010300100100000000222031000000000000000000003000001000001
400000000000000000000000000000000000000000000000000000000000000010000030000100001000000000010010000100100000000222001000000000000000000000000001000031
103000000000000000000000000000300000000000000000000000000000000010000000000100001000000000010010000100100000000000001000000000000000000000000001000001
100000000020000222020000000000000000000003000000000000000222200010000000000100001000000000010010000100130000000000001000000000000000000000000001000001
100000000000030222003000000000000000002222222000000000000000000011111111111100001111111111110010000100100000000000001000000300000000000000000001000001
100002220020000000000000000000000000000000000000000000000000000000000000000000300000000000000010000100100000000000001000000000000000000222220001000001
100000000020000000000200000000000000000000000000000000000000010000000000000000000000000000000010000100100000000000001000000000000000000222220001000001
100000000000000222000000000000000000000000000000000000003000010000000000000000000000002200000010000100100000000000001000000000000000000000000001000001
100000030000000222000200000000000000000000000000000000000000010000000000000000000000002200000010000100111111111111111000000000000000222222200001000001
100000000000000000000200000003000000000000000000300000000000010000000000000000000000002200000010030100000000000000000000000000000000222222200001000001
100000000000000000300000000000111111111111111111111111111000010000000000000000000000032200000010000100000000000000000000000000003000000000300001003001
100000000000000000000000000000100000000000000000000000001000010000000222220000000000000000000010000100000020000000000000000000000000000000000001000001
100000000000000000000222000000100000003000000000000000001000010000000222220000000000000000000010000100000020000003000000000000000000000000000001000001
100000000000000000000000000000100000000000000220022200001000010000000000300000000000000000000010000100300020000000000000011111111111111111111001000001
103000000030000000000000000000100000000000000220022200001000010000000000000000000000000000000010000100000020000000000000010000000000000000001001000001
100000000000000000000000000000100000000000000220000000001000010000000000022000000000000000000010000100000020000000000000010000000000000000001001000001
100000000000000000000000000000100000000000000000020000001030010000000000022000000000000000000010000100000000000000000000010000000000000000001001000001
100000000000000000000000000000100000000000000000000000001000010000300000022000000000000000000010300100000000002202200000010000300000000000001001000001
100000000000000000003000000000100000000000000000000030001000010000000000000000030000000000000010000100000000002202200000010000000000000000001001000031
100000000000000000000000000000100000000000030000000000001000010000000000000000000000003000000010000000000000000002200000010000000000000000001001000001
100000000000000000000000000000100000000000000000000000001000010000000002020000000000000000000010000000000000000000000000010000000220220020301001000001
103000000000000000000000003000100000000000000000000000001000010022220000020000000000000000000010000000000000000000000000010000000000220020001001000001
100000000030000000000000000000100000000000000000000000001000010022220000000000000000000000000010000003000000000002222203010000000000000020001001000001
100000000000000022220000000000100030000000000000000000001000010000000000000000000000000030000010000000000000000002222200010000000222003020001001030001
100000000000000000000000000000100000000030000000003000001000010000000000030002222200000000000010000000000000000002222200010000000222000020001001000001
100000000000000000000000000000100000000222220000000000001000010000000000000000000000000000000010000100000000000000000000010000000222000020001001000001
100000000000000000000000000000100000000222220000000000001000010000000002222222000000000000000010000100000000000000000000010000000300000020001001000001
100000000220020000000000000000100000000000000000000000001000013000000002222222003000000000000010000100000000000000222000010000000000000000001001000001
100000000000020000003000000000100000000000000000000000001000010000000000000000000000000000000010000100000000003000222000010000000000000000001001000001
100000000220020000000000000000100030000000000000000003001000010000000000000000000000000000000010000100000000000000000000010000000002222203001001000001
100000000220000000000000000000100000000000000000000000001000010000000000000000000000000000000010030100000000000000000003010000000002222200001001000031
100000000000000022200000000300100000022200000000000000001000010000000000000000000220222000000010000100030000000000222220010000000002222200001001000001
100000030000000022200000000000100000022200000000000000001000010000000000000000000220222000030010000100000000000000000000010000000000000000001001000001
100000000000000000000000000000100000022200222002222000001000010000000002222200000030000000000010000100000022200000000000010000000000000000001001000001
100000000000000003000000000000100000000000222002222000001000010000000000000300000000000000000010000100000000000000000000010000000002220200001001000001
100000000000000002022002200000100000000000000000000000001000010000000000000000000000222200000010000100000000000000000000010000000002220000001001000001
100000220000000000000002200000100022020000000000000000001000010000000000000000000000222200000010000100000022022000000000010000030000000000001001000001
100000220000000000000002200000100022020000000030000000001000010000030000000000000000222200000010000100300000022000003000010000000000000000001001003001
100000000000000000000002200000100000000000000000000000001000010000000000000000000000000000000010000100000000000000000000010000000000000000001001000001
100000222000220222002200000000100000000000000000000003001000010002222000000000000000000003000010000100000000000000000000011111000000111111111001000001
100000222000220222002200000000100000300000000000000000001000010000000000000000030000000000000010000100000003000000000000000000000000000000000001000001
100000000000000000002200000000100000000000000000000000001000310000000000000000000000000000000010003100000000000000000000000000000000000000300001000001
103000000300000000002200000000111111000001111111111111111000011111111111111111111111111111111110000111111111111111111111111111111111111111111111000001
100000220000000000002200000000000000000000000000000000000000000000000000000000000000000000000000000000000000000000000000000030000000000000000000000001
100000220000000000003000000000000000000000000000000000000000000000003000000000000000000000000000000000000000000000000000000000000000000000000000000001
100000220000030000000000000000300000000000000000000000000000000000000000000000000000000000000000000000000000000000000000000000000000000000000022000001
100000220000000000000000000000000000003000000000000000000000000000000000000000000000000000000000000000000000000000300000000000000000000000000022000031
100000000000000000000000000000011111000001111111111111111000011111111111111111111111111111111110000111111111111111111110000000000000022000220022000001
100000002202200222000000000220010000000000000000000000001000013000000000000000000000003000000010000100000000000000000010000000000000000000220022000001
100000002200000222000000000220010000000000000000300000001000010000000000000000300000000000000010000100000000000000000010000000300000000000220000000001
100000000000000222000000000220010000000000000000000000001000010011111111110000000000000000000010000100003000000000000010000000000000022200220000000001
100000000000000222000000300220010000000000000000000000001000010010000000010000000000000000000010000100000000000000000010000000000000022230220000000001
100000000000000222000000000220010000300000000000000000001000010010000300010000220022000000000010000100000000000000000010000000000000022200220000000001
100022000000000000000022220220010000000000030000000000001000010010000000010000220000000000000013000100000000000000000010000000000000000000220000000001
100022000000000000000022220220010000000000000000000000001000010010020000010000220022000000000010000100000000002002200010300000000000000000000000030001
100022000000000000000000000000010000000000000000000000001000010010020000010000000022000000000010000100200000002002200010000000000000000000000000000001
100022000003000000000000000000010000000000000000000000001000010010020000010000000022000000000010000100000000002000000010000000000300000000000000000001
100022000000000000000000000000010000000000000000000020301000010010000000010000000022000000000010000100222002002002200010000000000000000000000000000001
100022000000000000000000000000010300000000000000000020001000010010000000010000000022000030000010000100222002002002200010000000000000000000000000000001
130022000000000000000003000000010000000000000000000020001000010010000000010000000000000000000010000100000002002002200010000000000000000000000000000031
100000000000020222002222000000010000000000000000000020001000010010000000010000000000000000000010000100000002002000000010000000022220022200030000000001
100000000000000222002222000000010000000000000000000020001000010010300000010000300000000000000010000100000003000000000300000000022220022200000000000001
100000000000000000002222000000010000000000000000000000001000010010000000010000000000000000000010000130000000000002220000000000022220000000000000000001
100000000000000000300000000003010000000000000000000000001000010010000000010000000000000000000010000100000200000002220000000000000000022000000000000001
100000000000000000000000000000010000000300000000000000001000010010000000010000000000000000000010000100000200000002220000000000000000022000000000300001
100000000000000000000000000000010000000000000000000000001000010010000000010000000000000000003010000100000200000002220010000000000000000000002202200001
100000000000000000000000000000010000000000000003002200001000010010000220010000000000030000000010000100000200000000300010000000000000000000002202200001
100000000000000000000000000000010000000000000000002200031000010010000223010000000000000000000010000100000200000000000010000000000000000000000002200001
100030000000000000300000000000010000000000000000002200001000010010000220010002222002202000000010000100000000000000000010000000000000000000000000000001
100000000000000000000000000000010000000000000000002200001000010010000220010002222000000000000010003100000000000000000010000030000000222200300000000301
100000000000000000000000000000010000300000000000000000001000000010000000010002222000000000000010000100000000000000000010000000000000000000000002200001
100000000000000000000000000000010000000000300000003000001000000010000000010000000000000000000010000100000000000000000010000000000000000000000002200001
100000000000030000000300000000010000000000000002202200001000000310000000010000000000000000000010000100000000000000000010000000000000000000000002200001
100000000000000000022200000003010000000000000002202200001000000010000000010000000000000000000010000100000000000000000010000000000000000000000000000001
100000000000000000022200000000010000000000000000002200001000010010000000010003200000002000000010000100000000000000000010000000000000000000000000000001
100000000000000000022200000000010300000000000000000000001000010010000000010000000000032000000010000100000000000030000010000000000000000000000000000001
100000000000000000022200000000010000000000000000000000001000010010000001110000222000002000000010000100000000000000000010000000000000300000000000020001
100000000000000200000000000000011111111111111111111111111000010000000000000000222000002000000010000100003000000000000010000000000000000000000000020001
100000000000000203000000000000000000003000000000000000000000010000030000000000000000002000000013000100000000000000000010000000000000000000000000020001
100000000000000200020200000000000000000000000003000000000003010000000000000000000000002000000010000100000000000000000010030000000000000000000000020001
103002000000000200020000000000000000000000000000000000000000010022200220200000222200002000000010000111111111111111111110000202220000200000030000020001
100002000300000000000000000000000000000000000000000000000000010022200000000000222200000000000010000000000000000000000000000002220000200000000000000301
100002000000000000000000003000000000000000000000000000000000010022200000000000000000000000000010000003000000000000000000000000000000200000000000000001
100002000000000222022000000000000003000000000000000000000000010000000022200000003000000000300010000000000000000000000000020000000000000000000000000001
100002000000000222022000000000000000000000000000000000000000010000000022203000000000000000000010000000000000000000000000020002222200000000000000000001
100002000000000000000000000000000000000000300000000000000000010000000022200000000000000000000010000111111111111111111110000002222200000000000222000001
100002000000000000000000000000000000000002222222000000003220010000000000000000000000000000000010300100000000000000000010300002222200000000000222000001
100300002222200222000000000000000000000002222222000000000000010000000000000000000000002020000010000100000000030000000010022000000000300000000222000001
100000000000000222000000000000000000000000000000300000000000010000002022200000000000002000000010000100000000000000000010022000000000000000000000000001
100000000000000003000000000000003000000000000000000000000220010000000022200000000003000003000010000100000000000000000010022000000000000000000000000031
100000000000300200000000000000000000000000000000000000000220010003000000000000000000000000000010000100000000000000030010000000000222200000000220200001
100000000000000000000000000000000000000000000000000000000220010000000000000000000000002222000010000100000000000000000010000022000000000000000220000001
100000000000000000000000000000000000000000000000000000000220010000000000000000000000002222000013000100000000000000000010030022000000000000000220000001
100000000000000000000000000000000022200030000022220000000220010000000002020000000000000000000010000100000000000000000010000022000220000000000000000001
100000003000000000000000000000000000000000000000000000000000010000000002000000000000000000000010000100000000000000000010000022000000000000000000000001
100000000000000000000000003000000000000000000000000000000000010000000000000000000000000030000010000100000000000000000010000000002003000000000000000001
100000000000000000000000022020002022000000000000000000000000010000000000003000000000000022000010000100000000000000000010000000002000000000000003000001
100002200000000000000000022000000000000000000000000000000000010000000002200000000000000022000010000100000000200000000010000000002000000000000000000001
100002200000000000000000022000000000000000000000000000300000010300000002200000000000000022000010003100000000000000000010000000000000000000000000000001
100002200000000000000000000000000000000000000000002222222000010000000002200000000000000022000010000100000200200000000010000000000000000000000000000001
100002200000000000000000000000000000000000000000000000000000010000000002200000000000000022000010000100000200202022000010000000002000000000000222000001
130000000000000000000000022200000000000000030000000000000000010000000000000000000000000022000010000100000200000322000010300000002000000000000000000001
100000000000000300000000000000222002000000000000000000000000010000000000000000000000000022000010000100000200000022000010000000000000000000000000000001
100000000000000000000000000000222002000000000000000000000000010000000300000000000000000000000010000000000200000000000010000000000000000000000000000001
100022222002202200000000000000000002000000000000000000000000010000000000000000000000000000000010000000000000000000000010000000000000000000000000000001
100000000000002200000000000000220300000000000000000000022023010000000000000000000000000000000010000000000000000022220010000000000000000000000003000001
100000000000000000000000000000220000000000000000000000000000010000000000000000000000300000000010000000000030000022220010000030000000000002020022000001
100000030000000000000000000000000000000000000000000000000000010000000000000000000000000000000010000100000000000003000010000000000000000000020022000001
100000000000000000220000000000000220000000000000000300022220010000000000000000000000000000000013000100000000000000000010000000000000000000000022000001
100000000000000000220000000000000220000000000000000000022220010030000000000300000000000000000010000100000000000000000010000000000000000000000022000001
100000000000000000220000000030000220000000300000000000000000010000000000000000000000000000000010000100000000000000000010000000000003000000000022000001
100000000000000000220300000000000220000000000000000000000000011111111111111111111111111111111110000111111111111111111110000000000000000000300000000001
100000000000000000220000000000000220000000000000000000000000000000000000000000000000000000000000000000000000000000000000000000000000000000000000000001
100000000030000000000000000000000000000000000000000000000000000000000000000000000000000000000000000030000000000000000000000000000000000000000000000001
100000000000000000000000000000000000000000000000000000000000000000000000000000000000000000000000000000000000000000003000000000000000000000000000000001
100000000000000000000000000000000000000000000000000000000030000000030000000000000000000003000000000000000003000000000000000300000000000000000000000001
103000000000000000000000000000030000000000000000000000000000000000000000000000000030000000000030000000000000000000000000000000000000000000000003000001
111111111111111111111111111111111111111111111111111111111111111111444411111111111111111111111111111111111111111111111111111111111111111111111111111111
