1111111111111111111111111111111114444111111111111111111111111111111111111111111111111111111111111111
1000003000000000000000000000000000300000000000000000000000000000030000000000000000000000300000000001
1000000000000030000003000000000000000000000000000000300000000000000000000030000000000000000000000031
1000000000000000000000000000000000000000030000000000000000000000000000000000000003000000000000000001
1000000000000000000000000000000000000000000000000000000000300000000000000000000000000000000000000001
1300000000000000000000000300000030000000000000000000000000000000000000000000000000000000000000000001
1000001111111111111111111111111111111100001111111111111111111111100001111111111111111111111111000001
1000001003000000000000000000000000000100001000000000000000000003100001000000000000000000000001000001
1000001000000000030000000000000000000100001300000000000000000000100001000000000000000000000001000001
1000001000000000000000111111111111130100001000000000030111111100100001000000000000001111111001030001
1000001000000000000000100000000000100100001000000000000100000100100301000000000003001000001001000001
1030001000000000000000100000000000100100001002202000000100030100100001030000000000001000001001000001
1000001002200222200000100000000000100100001002200000000100000100100001000000300000001000001001000001
1000001002200000000000100002222200100100001002230000000100000100100001002202200222001000001001000001
1000001002200000000000000000000300100100001000000000000100000000100001002202200222001000001001000001
1000001000000000030000000022022000100100001000000000000100000000103001000002200222001000031001000001
1000001000000000000000000000022000100100301002222200000100000000100001000000000222300000001001000001
1000001000003000000000000000000000100100001002222200300100000300100001000000300000000000001001000031
1000301000000000000000100022200000130100001002222200000100000000100001000000000000000000001001000001
1000001000000000000003100022200000100100001000000000000100000100100001000000000000000000001001000001
1000001000002000000000100022200000100100001000000000000100000100100301000000000000001000001001000001
1000001000002000000000100000000000100100001000200220000100300100100001000000000000001000001001000001
1000001000002000000000100000022200100100001003200220000100000100100001003000022000001000001001003001
1000001003002000000000100000000000100100001000000220000100000100100001000000022300001111111001000001
1000001000000000000000100300000000100000001000200000000111111100100001000000022000000000000301000001
1000001000000002000000111111111111100300001000000000300000000000100001000000022000000000000001000001
1000001000000002000000000000000000000000001000000000000000000000100001000000022000000000000001000001
1000001000000002000000000000000300000000001000000000000000000000100001000000000000000000000001000001
1030001000000000000222220020000000000100001000000000000000000000100301000000000000001111111001000001
1000001030000000000003000020000000000100001001111110022222000000100001000030000000001000001000000001
1000001000000000000000000000000000000100000001000010000000000000100001000000000000001000000000000001
1000001000000000000000002222222000000100000001003010000003000000100001000000000300001300000000000001
1000001002022302220000002222222000000130000001000010000000000000100001000000000000001000000000000031
1300001000000000000000000000000030000100000001000010000000000000100001000000000000001000000300000001
1000001000020022223000000000000000000100000001000010000000000000100001000000000000001000001001000001
1000001000020022220000000000000000000100000001000010000002002000103001030000000000001000001001000001
1000001000000022220000030002222200000100001000000010000002002000100001000000000000001000001001000001
1000001000000000000000000002222200000100001000300010000000002300100001000000000300001000001001000001
1000001000000000000000000002222200000100001000000010000002202000100001000000000000001003001001000001
1000001000000030000000000000000000000100001000000010300002200000100001000000000000001000001001000001
1000001000000000000030000000000000000100001000000010000000000000100001300000000000001000001001030001
1000301000000000000000000032220200000103001031000010000000030000100001000200222200001000001001000001
1000001000000000000000000002220000000100001001000010002200200000100001000203000000001000001001000001
1000001000000000000000000000000030000100001001000010002200200000100001000000000030001000001001000001
1000001000030000000000000000000000000100001001030010002200200000130001000220000000001000301001000001
1000001000000000000000000000000000000100001001000010000000200000100001000220000000001000001001000001
1000001000000000000000003222200000000100001001000010002000000000100001000000000000001000001001000001
1000001000000000000000000000000000300100001001111110000000000000100001000000000000001111111031000001
1000001000000000000000000000000000000100001000000000000000000000100001030000000000000300000001000001
1000001000000003000000000000000000000100001000000000000000000000100001000000030000000000000001000001
1000301111111111111111111111111111111100001111111111111111111111100001111111111111111111111111000001
1000000000000000000000300000003000000000000000000030000000000030000000000000000000000000000000000001
1000000000000000000000000000000000000000030000000000000000000000000000000000000000000000000000000001
1000000000000000000000000000000000000000002000000000000000000000000000000000000000000000000000000031
1000000000000000000000000000000000000000002000000000000000000000000000000000000000300000030000000001
1000001111111111111111111111111111111100002000000000001111111111100001111000001000011111111111000001
1000001030000000000000003000000000000100002000000000001000300000100001000003001000010000000001000001
1000001000000000003000000000000000000100002000000000001000000000100001300000001000010000000001000001
1000001001111111110000111111111111100100000300000000001000000000100001002220001000010000000001000001
1000001001000000010000100000000030100100000220000000001000000000103001000000001000010000000001300001
1000001001000000010000100000000000100100000220000000301000000000100001000000001000010000000001000001
1000001001030000010000100000000000100100000220000000001000000000100001000000001000013000000001000001
1000001001000000010000100030000000100100000220000000001000000030100001000000001000010000000001000001
1000001001000000010000100020022200100100000000000000001000000000100001000000001300010000000001000001
1000001001000000010000100020022200130100000000000200001000000000100001000000001000010000000001030001
1000001001000000010000100000000000100100000030000200001000000000100001000030001000010000003001000001
1000001001000000013000100322000000100100000000000200001003000000100031000000001000010300000001000001
1000001301000000010000100022000000100100000000000200001002222000100001000000001000010000000001000001
1000001001000000010000100000000000100100000000000000001000000000100001000000001000010000000001000001
1000001001000000010000100000000300100100000000202220001000000000100001000000001000010000000001000001
1000001001000000010000100000000000100100000000302220001000000000100001000000001000010000000001000031
1000001031000301110000113000011111100100000000000000001030000030100001000000031000010000000001000001
1300001000000000000000000000000000000030000000000000001000000000100301000000001000010000000001000001
1000001000000000000000000000000000000000000000002220001000000000100001000000001000310000000001000001
1000001000000000000000000000000000000000022222002220001000000000100001000000001000010000000001000001
1000001000000000222302222000000000000000000000002220001100000011100001111111111000011003011111000001
1000001000000000222002222000000300000100300000002220000000000000000000000000000000000000000000000001
1000001300000000000000000000000000000100000000002220000000003000000000000000000000000000000000000001
1000001000000000000000000002220000000100000000000003000000000000000000000000000030000000000000003004
1300001000000000000000000000000000000100000000000000022000000000000000000000000222002200000000000004
1000001000000000000000000000000000000100002222222000022000000000000000000000000222000000000000000004
1000001000000030000000000000000000000103000000000000022000000000003000003000000222000000000000000004
1000001000000000000000002023022200000100000000000000000000000000000000000000000222000000300000000001
1000001000000000000000000020022200000100222200220000000000022000000000000000000222000000000000000001
1000001000000000000030000000022200000100222200220000000000022000000000000000000000000022000000000001
1000001000000000002200000000022200000100000000220000000000022000002000000000000000000022000000000001
1000031000000000002200000000000000000100000000000000030000022000000000000000000000000022000000000001
1000001000000000002200000000000000000100000030000000000000000000002220000000000000000022003000000001
1000001000000000002200000030000000000100000000000000000000000000002220000000000000003022020002003001
1000001000003000002200000000003000000100000000000000000000000000000000030000000000000000020002000001
1000001000000000000000000000000022200100030000000000000000000000003000000000000000000000020002000001
1000001000000000000000300000000000300100000020000000000030000000002222200000030000000000020002000001
1000001000000000030000000000000000000100000020000000000000000300002222200220022220000000020032000001
1000001111111111111111111111111111111130000020000000000000000000002222200220022220300000000002000001
1000000000300000000000000000000000000000000020000000000000000000000000000220022220000000000002000001
1300000000000000000000000000000000000000000020000000000000000000000000000000000000000000000000000001
1000000000000000000000300000003000000000003000000000000000000000000000000000000000000000000000000001
1000000000000000000000000000000000000000000000000000300000000000000300000000000000000000000000000001
1000000000000300000000000000000000000000000000000000000000000000000000000030000003000000000000300001
1111111111111111111111111111111111111111111111111111111111111111111111111111111111111111111111111111
