1111111111111111111111111111111114444111111111111111111111111111111111111111111111111111111111111111
1000003000030000000000000003000030000000003000000000000000003000000000000003000000000000000000000301
1000000000000000000003000000000000000000000000000000000000000000030000000000000000003000000000000001
1000000000000000000000000000000000000000000000000300000000000000000000000000000000000000000000000001
1000000000000000000000000000000000000000000000000000000000000000000000300000000000000000000000000001
1003000000000030000000000000000000030000000000000000000000000000000000000000000000000000000000000001
1000001111111111111111111111111111111100001111111111111111111111100001111111111111111111111111000001
1000001003000000000000000000000000000100001000000000300000000000100001000000000000000000003001000001
1000001000000000000000030000000000000100001000300000000000000000100001000000000030000000000001300001
1000001000000000300000111111111111100100001000000000000111111100130001003000000000001111111001000001
1000001000000000000000100000000030100100001000000000000100300100100001000000000000001000001001000001
1000001000000000000000100000000000100100001002202000000100000100100001000000000000001000001001000031
1000001002200222200000100000000000100100001002200000000100000100100001000000000000001003001001000001
1000001002200000000000100002222200100100001002200000000100000100100001002202200222001000001001000001
1000031002230000000000000000000000100100001000000000000100000300100001002202200222001000001001000001
1000001000000000000000000022022000100100001000000300000100000000100001000002200222001000001001000001
1000001000000000000300000030022000100100001002222200000100000000100001000000000222300000001301000301
1000001000000000000000000000000030100100001002222200000130000000100001000000000000000000001001000001
1000001000000000000000100022200000100100301002222200000100000000103001030000000000000000001001000001
1000001000000000000000100022200000100100001000000000000100000100100001000000000000000000001001000001
1000001003002000000000100022200000100100001000000003000100000100100001000000000000001000001001000001
1000001000002000000000100000000000100100001000200220000100000100100001000000000000001030001001000031
1300001000002000000000100000022200100100001000200220000100000103100001000000022000001000001001000001
1000001000002000000000100000000000100100001000000220000100000100100001000000022030001111111001000001
1000001000000000000003100000000000130000001000200000000111111100100001000000022000003000000001000001
1000001000000002000000111111111111100000001000000000030000000000100001030000022000000000000001000001
1000001000000302000000000000000000000000031000000000000000000000100001000000022000000000030001000001
1000001000000002000000000000000000000000001000030000000000000000100001000000000000000000000001000001
1000001300000000000222220020030000000100001000000000000000000000100001000000000000001111111001000001
1000001000000000000000000020000000000100001001111110022222000000100001000000000000001000001000000001
1000001000000000000000000000000000030100000001000010000000000000100001000000030000001000000000000001
1000001000000000000000002222222000000100000001000010300000000000100001000000000000001000000000000001
1000001002022002220000002222222000000100000001000010000003000000130001000000000000001000000000003001
1000001000030000003000000000000000000100003001000010000000000000100001000000000000001000000000000001
1030001000020022220000000030000000000100000001000010000000000000100001000000000000001000001001000001
1000001000020022220000000000000000000100000001000013000002002000100001000000000000001300001001000001
1000001000000022220000000002222200000100001000000010000002002000100001000000000000001000001001000001
1000001000000000000000000002222200300100001000000010000000002000100001000000000000001000001001000001
1000001000000000000000000002222200000100001000000010000002202000100001000300000030001000001001000001
1000001000000000003000000000000000000100001000000010000002200000100001000000000000001003001001000001
1030001000003000000000000300000000000100001000000010000003000000100001000000000000001000001001000001
1000001000000000000000000002220200000100001001000010000000000000130001000200222200001000001001000001
1000001000000000000000000002220000000100001001000013002200200000100001000200000000001000001001003001
1000001000000000000000000000000000000100031001300010002200200000100001000000000000001000001001000001
1000001000000000000000000000000000000100001001000010002200200000100001000220000000001000001001000001
1000001000000000000300000000000000000100001001000010000000200000100001030220000000001000001031000001
1000001000030000000000000222200000000100001001000010002000000000100001000000000000001000001001000001
1000301000000000000000000000000000300100001001111110000000000003100001000000003000001111111001003001
1000001000000000000000000000000000000100301000000000000000000000100001000000000000000000030001000001
1000001000000000000000000000000000000100001000000000000000000000100001000000000000000000000001000001
1000001111111111111111111111111111111100001111111111111111111111100001111111111111111111111111000001
1300000000000000000000030000000000000000000000003000000000000000000000300000000000003000000000000301
1000000000000000300000000000000000000000000000000000003000000000000000000000000000000000000000000001
1000000000000000000000000000030000000000002000000000000000000000000000000000000000000000000000000001
1000000000000000000000000000000000000030002000000000000000000000000000000003000000000000000300000001
1000001111111111111111111111111111111100002000000000001111111111100001111000001000011111111111000001
1000001300000000000000000000000000000100002000300000001000000000100001000000001000010000000001000001
1000001000000000000000000000000000000100002000000000001000000000100001300000001000010030000001000001
1300001001111111110000111111111111100100000000000000001000003000100001002220001000010000000001003001
1000001001000000010000100000000000100103000220000000001000000000100001000000001030010000000001000001
1000001001000000010030100000000003100100000220003000001000000000100001000000001000010000000001000001
1000001001000000010000100000000000100100000220000000001000000000100001000000001000010000000001000001
1000031001000000010000100000000000100100000220000000001000000000100001000000001000010000000001000001
1000001001000030010000100020022200100100000000000000031000000000100031000000001000010000030001000001
1000001001000000010000100020022200100100000000000200001000000000100001000000001000010000000001000001
1000001001000000010000100003000000100100000300000200001000000000100001000000001000010000000001000031
1000001001000000010000100022000000100100000000000200001000000000100001000000001300010300000001000001
1000001001000000010000100022000000130100000000000200001302222000100001000000001000010000000001000001
1030001001000000010000100000000000100100000000000000001000000000100001000000001000010000000001000001
1000001001000000010000100000000000100100000000202220001000000003100001030000001000010000000001000001
1000001001000030010030100000000000100100000000002220001000000000100001000000001000010000000001000001
1000001001000001110000110030011111100100000000000000001000000000100001000000001000010000000001000001
1000001000000000000000000000000000000000000030000030001000000000100001000000001000010000000001000001
1000001000000000000000000000000000000030000000002220001003000000100001000000001000013000000001003001
1003001000000000000000000000000000000000022222002220001000000000100001003000001000010000000001000001
1000001000000000222002222000000003000000000000002220001100000011100001111111111000011000011111000001
1000001000000000222032222000000000000100000000002220000000000000000300000000000000000000000000000001
1000001300000030000000000000000000000100000000002220000000000000000000000000000000000000000000000001
1000001000000000000000000002220000000100000300000000000000000000000000000000000000000000000000000004
1000001000000000000000000000300000000100000000000000022000000000000000000000003222002200000000000034
1003001000000000000000000000000000000100002222222000322000003000000000003000000222003000003000000004
1000001000000000000000000000000000000100000000000000022000000000000000000000000222000000000000000004
1000001030000000000000002020022200000100030000000000000000000000000000000000000222000000000000000001
1000001000000000000003000020022200000100222200220000000000022000000000000000000222000000000000000001
1030001000000000000000000000022200000100222200220000000000022000000000000000000000000022000000000001
1000001000003000002200000000022200300100000000220000000000022300002300000000000000000022000000000001
1000001000000000002200000000000000000100000000300000000000022000000000000000000000000022000000000001
1000001000000000032200000000300000000100000000000000000000000000002220000000030000000022000000000301
1000001000000000002200000000000000000100000000000000003000000000002220000000000000000022020002000001
1000001000000000002200000000000000000130000000000000000000000000000000000000000000030000020002000001
1000001000000000000000000000000022200100000000000000000000000000000000000000000000000000020032000001
1030001000000000000000000000000000000100000020000000000000003000002222200300000000000000020002000001
1000001000000000300000030000000000000100000020000000000000000000002222200220022220000000020002000001
1000001111111111111111111111111111111100000020003000000000000000002222200220022220000000000002000001
1000000003000000000000000000000300000000000020000000000000000000000300000220022220000000000002000001
1000000000000000000000000000000000000000000020000000000000000000000000000000000000000000000000000001
1000000000000000000000000000000000000000030000000000000000000000000000000000000000000000000000003001
1300000000000000000000000000000000000000000000000000000000000000000000000000000000000000000000000001
1000000000000000000300000000000000000000000000300000003000000030000000000000003000000003000000000001
1111111111111111111111111111111111111111111111111111111111111111111111111111111111111111111111111111
