1111111111111111111111111111111114444111111111111111111111111111111111111111111111111111111111111111
1000000000300000000000000000000000000000000000000000003000000000000300000030000000000000000000000001
1000000000000000000000000000000030000000000000003000000000000000000000000000000000000003000000000001
1000300000000000000000000000000000000000000000000000000000003000000000000000000000000000000003000001
1000000000000000000300000030000000000000000300000000000000000000000000000000000000000000000000000001
1000000000000000000000000000000000000030000000000000000000000000000000000000000300000000000000000001
1000001111111111111111111111111111111100001111111111111111111111100001111111111111111111111111000001
1000001000000030000000000000000000000100001000000000000000000000103001000000000000000000000001003001
1000001000000000000000000000000000000100001000000000030000000000100001000000000000000000000001000001
1000001000000000000000111111111111100100001000000000000111111100100001000000000000001111111001000001
1300001000000000000000100000000003100100301000000000000100030100100001000000000000001000001001000001
1000001000030000000000100030000000100100001002232000000100000100100001000000000000001000001001000001
1000001002200222200000100000000000100100001002200000000100000100100001030000000000001000001001000001
1000001002200000000000100002222200100100001002200000000100000100100001002202200222001000001001000001
1000001002200000000000000000000000100100001000000000000100000000100001002202203222001000001001003001
1000001000000000000000000022022000100100001000000003000100000000100001000002200222001000031001000001
1300001000300000000300000000022000100100001002222200000100300000100001000000000222000000001001000001
1000001000000000000000000000030000100100301002222200000100000000100031000000000000000000001001000001
1000001000000000000000100022200000100100001002222200000100000000100001000030000000003000001001000001
1000001000000000000000100022200000100100001000000000000100000100100001000000000000000000001001000001
1000001000002000300000100022200000100100001000000000000100000100100001000000000000001000001001000001
1000001000002000000000100300000000100100001000200220000100000100100001000000000000001000001001000301
1000301000002000000030100000022200100100001000200223000100000100100001000000022000301000301001000001
1000001000002000000000100000000030100100001000000220000100003100100001000000022000001111111001000001
1000001000000000000000100000000000100000001000200000000111111100100001000000322000000000000001000001
1000001000000002000000111111111111100000001030000000000000000000100031000000022000000000000001000001
1000001000300002000000000000000000000003001000000000000000000000100001000000022000000000000001000001
1000001000000002000030000003000000000000001000000000000000000000100001000000000000000000000001000001
1300001000000000000222220020000000000100001000000000000000000000100001000000000000001111111001000031
1000001000000000000000000020000000000100001001111110022222000000100001000000000300001000301000000001
1000001000000000000000000000000000000100000001000013000000000000100001000000000000001000000000000001
1000001000000030000000002222222003000100000001000010000000300000100001000000000000001000000000000001
1000001002022002220000002222222000000100000001300010000000000000130001030000000000001000000000000001
1000001000000000000000030000000000000100000001000010000000000000100001000000000000001000000000030001
1000001030020022220000000000000000000100000001000010000000000000100001000000003000001000001001000001
1000001000020022220000000000000000000100000001000010000002002000100001000000000000001003001001000001
1000001000000022220000000002222200000100001000000010000302002000100001000000000000001000001001000001
1000001000000000000000000002222200000100001000000010000000002000100001000000000000001000001001000001
1000001000000000003000000032222200000100031000000010000002202000100001300000000000001000001001000301
1000301000300000000000000000000000000100001000000010000002200030100001000000000000001000001001000001
1000001000000000000000000000000000300100001000000010000000000000100001000000000003001000001001000001
1000001000000000000000000002220200000100001001000010000000000000100001000230222200001003001001000001
1000001000000000000000000002220000000100001001003010002200200000100001000200000000001000001001000001
1000001000000000000030000030000000000100001001000010002200200000100001000000000000031000001001003001
1000001000030000000000000000000000000103001001000010002200200000100001000220000000001000001001000001
1000001000000000000000000000000000000100001001000010000000200000130001000220000000001000031001000001
1000001000000000000000000222200000000100001001000010302000300000100001000000000000001000001001000001
1000001300000000000000030000000000000100001001111110000000000000100001000000000300001111111001000001
1000001000000000000000000000000000030100001300000000000000000000100001000000000000000000000001030001
1030001000000300000000000000000000000100001000000000000000000000100001000000000000000030000001000001
1000001111111111111111111111111111111100001111111111111111111111100001111111111111111111111111000001
1000000000000000000000000000000000000000000000000000000000000000000003000000000000000000000000000001
1000000000000000000000000000000000000000000000000000000000003000000000000003000000000000000000000031
1000000000000000000000000003000000000300002000000003000000000000300000000000000000000000003000000001
1000000000000000300000000000000000000000002000000000000000000000000000000000000000000000000000000001
1000001111111111111111111111111111111100002300000000001111111111100001111000001000011111111111000001
1000001000000000000000000000000000000100002000000000001000000000100001000000001000010000000001000001
1000001000300000000000000000000000000100002000000000001000000000100001000000001000010000000001000031
1000001001111111110000111111111111100100000000000000001000000000100001302220301000010000000001000001
1000001001000000010000100000000000100100000220000000001000000000100001000000001000010030000001000001
1003001001000000010000100000000000130100000220000000001003000000100001000000001000010000000001000001
1000001001000030010003100000003000100100300220000000001000000000100001000000001000010000000001000001
1000001001000000010000100000000000100100000220030000001000000000130001000000001000010000000001000031
1000001001000000010000100020022200100100000000000000001000000000100001000000001000010000000001000001
1000001001000000010000100020022200100100000000000200001000000000100001000000001000010000000001000001
1000001001000000010000100000000000100100000000000200001000000000100001000000001000010000000001000001
1000001001000000010000100022000000100100000000000200001000000000100001000000001000010000000301000001
1000001001000000010300103022000000100100003000000200001302222000100001000000001000010000000001000001
1300001001000000010000100000000030100100000000000000001000000000100001000000301000010000000001000001
1000001001000000010000100000000000100100000000202220001000000000100031000000001000010000000001000001
1000001001000030010000100000000000100130000000002220001000000000100001000000001000010000000001000001
1000001001000001110000110000011111100100000000000000001000000000100001000000001000010000000001000001
1000001000000000000000000000000000000000000000000000001000000000100001000000001000010000000001003001
1000001000000000000000000003000000000000000003002220301000000000100001000000001000010003000001000001
1000031000000000000000000000000000000000022222002220001000000030100031000000031000010000000001000001
1000001000000000222002222000000000000000000000002220001100000011100001111111111000011000011111000001
1000001000000000222002222000000000000100000000002220000000300000000000000000000000000000000030000001
1000001000030000000000000000000000000100000000002220000000000000000000000000000000000000000000000001
1000001000000000000000000002220030000100000000000000000000000000000000000000000000000000000000000034
1000001000000000000000300000000000000100000000000000322000000000000000000000000222002200000000000004
1000001000000000000000000000000000000100002222222000022000000000000000000000003222000000000000000004
1000001000000000003000000000000000000100030000000000022000000000000000000000000222000000000000000004
1300001000000000000000002020022200000100000000000000000000000030000000000000000222030000000000000001
1000001000000000000000000020022200000100222200220000000000022000000000000000000222000000000003000001
1000001000000000000000003000022200000100222200220000000000022000000000300000000000000022000000000001
1000001000300003002200000000022200000100000003220000000000022000002000000000000000000022000000000001
1000001000000000002200000000000003000100000000000000000000022000000000000000000000000022000000000001
1000001000000000002200000000000000000100000000000000000003000000002220000000000003000022300000000001
1000001000000000002200000000000000000100000000000030000000000000002220000000000000000022020002000001
1000001000000000002200300000000000000100000000000000000000000000030000000003000000000000020002300001
1000001000000000000000000000000022200100003000000000000000000000000000000000000000000000020002000001
1000001000000000000000000000030000000100000020000000000000000000002222200000000000000000020002000001
1030001000030000000000000000000000000100000020000000000000000000002222200220022220000000020002000001
1000001111111111111111111111111111111100000020000000000300000000002222200220022220000000030002000001
1000000000000000000000000000000000000000000020000000000000000000003000000220022223000000000002000001
1000000000000000000000000000000000000000300020000000000000000000000000000000000000000000000000000301
1000000000000000000000000000000000000000000000000000000000000300000000000000000000000000000000000001
1000030000000003000000000003000000000000000000000000000000000000000000000000000000000000000030000001
1000000000000000000000000000000000030000000000003000000000000000030000000030000000000030000000000001
1111111111111111111111111111111111111111111111111111111111111111111111111111111111111111111111111111
