1111111111111111111111111111111114444111111111111111111111111111111111111111111111111111111111111111
1300000000000000000003000000000000000300000000030000000000003000000000000000000000000300000000000301
1000000000000030000000000000000000000000003000000000000000000000000000000000000000000000000000000001
1000000000000000000000000000030000000000000000000000000000000000000000000000000000000000000000000001
1000000000000000000000000000000000300000000000000000300000000000000000000003000000300000003000000001
1000000000300000000000000000000000000000000000000000000000000000000003000000000000000000000000000001
1000001111111111111111111111111111111100001111111111111111111111100001111111111111111111111111030001
1000031000000000000000000000000000000100001000000000000000000000100001000000000000000000000001000001
1000001000000000000030000000000000000100001030000300000000000000100001000000000030000000000001000001
1000001000000000000000111111111111100100001000000000000111111100100001000000000000001111111001000001
1000001000000000000000100003000000100100001000000000000100000103100001000000000000001000001001000001
1000001000000000000000100000000000100100001002202000000103000100100001000000000000001000031001000001
1300001002200222200000100000000000100100001002200000000100000100100001300000000000001000001001000001
1000001002200000000000100002222200100100001002200000000100000100100001002202200222001000001001000301
1000001002200300000000000000000003100103001000000000000100000000100001002202200222001300001001000001
1000001300000000000000300022022000100100001000030000000100000000100001000002200222001000001001000001
1000001000000000000000000000022000100100001002222200000100000000100001000000000222000000001001000001
1000001000000000000000000000000000100100001002222200000100003000100001000000000000000000001031000001
1000001000000000000000100022200000100100001002222200000100000000103001000300000000000000001001000001
1003001000000000000000100022200000100100001000000000000100000100100001000000000000000000001001000031
1000001000302000000000100022200300100100001000000000030100000100100001000000000003001000001001000001
1000001000002000030000130000000000103100001030200220000100000100100001000000000000001000001001000001
1000001000002000000000100000022200100100001000200220000100000100100001000000022000001003001001000001
1000001000002000000000100000000000100100001000000220000100000100100001300000022000001111111001000001
1000001000000000000000100030000000100000001000200000000111111130100001000000022000000000000301000001
1000001000000002000000111111111111100000001000000000000000000000100001000000022000000000000001000001
1000001000000002000000000000000000000000001000000000000030000000100001000000022000000000000001003001
1003001000003002000000300000000000000000001000030000000000000000100001000000000000000000000001000001
1000001000000000000222220020000000000103001000000000000000000000100301000300000000001111111001000001
1000001000000000000000000020000000000100001001111110022222000000100001000000000000031000001000000001
1000001000000000000000000000000300000100000001000010000000000000100001000000000000001000000300000001
1000001300000000000000002222222000000100000001000010300000030000100001000000000000001000000000000001
1000001002022002220000002222222000000100000001000010000000000000100001000000000030001000000000000001
1000001000000000000300000000000000000100000001000010000000000000100001000000000000001000000000000031
1300001000320022220000000000000000000100003001000010000000000000100001300000000000001000001001000001
1000001000020022220000000000300000000100000001030010000002002000100001000000000000001000001001000001
1000001000000022220000000002222200000100001000000010000002002000100001000000000000001003001001000001
1000001000000000000000000002222200000100001000000010000000002030100001000000000000001000001001000001
1000001000000000000000000002222203000100001000000010000002202000100001000000000000001000001001000001
1000001000000000000300000000000000000100001000000010000002200000100001000000000000001000001031000001
1000001000000300000000000000000000000100301000000010000000000000100001000000003000001000001001000001
1003001000000000000000000002220200000100001001000013000030000000100001000200222200001000001001000301
1000001000000000000000000002220000000100001001000010002200200000100001000200000000001000001001000001
1000001000000000000000000000000030000100001001000010002200200000100031000000000000001000001001000001
1000001000000000000000000000000000000100001001000010002200200000100001000220000000001000001001000001
1000001300000000000000000000000000000100001001000010000000200000100001000223000000001030001001000001
1000001000000000000000003222200000000100001031000010002000030000100001000000000000001000001001000001
1000001000000000000000000000000000000100001001111110000000000000100001000000000000001111111001000001
1030001000000000000000000000000000000100301000000000003000000000100001000000000000000000000001000001
1000001000000000300000000000000000000100001000000000000000000000100001300000000030000000000001000301
1000001111111111111111111111111111111100001111111111111111111111100001111111111111111111111111000001
1000000300000000000000000000000000000000000000003000000000030000000000000000000000000000000000000001
1000000000000000000000003000000000000000000000000000000000000000000000000000000000000000000000000001
1000000000000000000000000000000000030000302000000000000000000000000000000000000000000000000000000001
1000000000000000000000000000000000000000002000000000000000000000000000000000000000000000000000000001
1300001111111111111111111111111111111100002000000000001111111111100001111000001000011111111111000031
1000001000000000300000000000030000000100002000000000001000000000100001000000001003010000300001000001
1000001000300000000000300000000000000100002000000000001000000000100001000000301000010000000001000001
1000001001111111110000111111111111100100000003000003001000000000100001002220001000010000000001000001
1000001001000000010000100000000000100100000220000000001000000000100001000000001000010000000001000001
1000001001000000010000100000000000100100000220000000001003000000103001000000001000010000000001000001
1000001001000000010030100000000000100130000220000000001000000000100001000000001000010000000001000301
1000001001000000010000100000000000100100000220000000001000000000100001000000301000010300000001000001
1000001001000000010000100020022200100100000000000000001000000000100001000000001000010000000001000001
1030001031000000010000100020022200100100000000000200001000000000100001000000001000010000000001000001
1000001001000030010000100000030000100100000300000200001000000030100001000000001000010000000001000001
1000001001000000010000100022000000100100000000000200001000000000100001000000001300010000000001000001
1000001001000000010000100022000000100100000000000200001002222000100001000000001000010000000301000001
1000001001000000010000100000000000100100000000000000001030000000100001000000001000010000000001000001
1000001001000000010030100000000000100130000000202220001000000000100001000000001000010000000001000001
1000001301000000010000100000003000100100000000032220001000000000100301000000001000010000000001000031
1000001001000001110000110000011111100100000000000000001000000000100001000000001000010000000001000001
1000001000000000000000000000000000000000000000000000001000000000100001000000001000010000000001000001
1000001000000000000000000030000000000000000000002220001000000000100001000000001003010000000001000001
1000001000000030000000000000000000000000022222002220001000000003100001000000001000010000000001000001
1000001000000000222002222000000030000000000000002220001130000011100001111111111000011000311111000001
1000001000000000222002222000000000000100000000002220000000000000000000003000000000000000000000000001
1000001000000000000000000000000000000130000000002220000000000000000000000000000000000000000000000001
1000301000000000000000000002220000000100000000000003000000000000000000000000003000000000000030000004
1000001000000000000030000000000000000100000000000000022000000000000000000000000222002200000000000004
1000001000000000000000000000000000000100002222222000022000300000000000000000000222000000000000000004
1000001000000000000000000000000000000100000000000000022000000000000000030000000222000003000000003004
1000001000000000000000002023022200000100000000000000000000000000000000000000000222000000000000000001
1000001000000030000000000020022200000100222200220000000000022000000000000000000222000000000000000001
1000001000000000000000000000022200000100222200220000000000022000300000000000000000030022000000000001
1000001000000000002200000000022203000100000000220000000000022000002000000030000000000022030000000001
1030001000000000002200300000000000000100000000000000000000022000000000000000000000000022000000030001
1000001000000000002200000000000000000100000003000000003000000000002220000000000000000022000000000001
1000001003000000002200000030000000000100000000000000000000000000002220000000000000000022020002000001
1000001000000000002200000000000000000100000000000000000000000000000000000000000000000000020002000001
1000001000000000030000000000000022200100000000000000000000000000000300000000000000000003020002000001
1300001000000000000000000000000000000100000020000000000000000000002222200000003000000000020002000001
1000001000000000000000003000000000000100030020000000000000000300002222200220022220000000020002300001
1000001111111111111111111111111111111100000020003000000000000000002222200220022220000000000002000001
1000000000000000000000000000000003000000000020000000000000000000000000000220022220000000000002000001
1000000000000000000000000000300000000000000020000000000000000000000000000300000000000000000000000001
1000000000000000000000000000000000000000000000000000000000000000000000000000000000000000000000000001
1000000000000000000000300000000000000000300000000000030000000003000000000000000000300000300000000001
1000030000300000000000000000000000000000000000000000000000000000000000000000000000000000000000000001
1111111111111111111111111111111111111111111111111111111111111111111111111111111111111111111111111111
