1111111111111111111111111111111114444111111111111111111111111111111111111111111111111111111111111111
1000300000300000000300000300000000000000000000000000000000000000300000000000000003000000000000000001
1000000000000000000000000000000003000000000003000000000300000000000000000000300000000000000030000001
1000000000000000000000000000000000000030000000000000000000000000000000000000000000000000000000000001
1000000000000000000000000000000000000000000000000000000000000000000000000000000000000003000000000001
1000000000000003000000000000000000000000000000000000000000000000000000300000000000000000000000000301
1300001111111111111111111111111111111100001111111111111111111111100001111111111111111111111111000001
1000001000000000000000000000000000000100001300000000000000000000100001000000000000000000000001000001
1000001000000000000000030000000000000100001000000000300000000000100001000300000000000000000001000001
1000001000300000000000111111111111100100001000000000000111111100100001000000000000001111111301000001
1000001000000000000000100000000003100100001000000000000100000103100001000000000000001000001001000001
1000001000000000000000100000000000100100001002202000000100000100100001000000000000001000001001000001
1000001002200222200000100000000000100100001002200000000100000100100001000000000300001000301001000001
1000001302200000300003100002222200100103001002230000000100000100100001002202200222001000001001000001
1000001002200000000000000000000000100100001000000000000100000000100001002202200222001000001001000001
1300001000000000000000000022022000100100001000000000000100300000100001000002200222001000001001000001
1000001000000000000000000000322000100100001002222200000100000000103001000000000222000000001001000001
1000001000000000000000000000000000100100001002222200000100000000100001000000000000000300001001000001
1000001000000000003000100022200000130100001002222200000100000000100001000000030000000000001001030001
1000001000000000000000100022200000100100001003000000000100000100100001030000000000000000001001000001
1000001003002000000000100022200000100100001000000003000100000100100001000000000000001000001001000001
1000031000002000000000100000000000100100001000200220000100030100100001000000000000001000001001000001
1000001000002000000000100000022200100100001000200220000100000100130001000000022000001000001001000001
1000001000002000000000100000000000100100001000000220000100000100100001000030022000001111111001000001
1000001000000000300000100000000000100000001030200000000111111100100001000000022000000003000001000031
1000001000000002000000111111111111100000001000000000000000000000100001000000022030000000000001000001
1000001000000002000000000300000000000003001000000000000000000000100001000000022000000000000001000001
1000001003000002000000000000000000000000001000000000000000000000100001000000000000000000000001000001
1003001000000000000222220020000000000100001000000000000000300000100001000300000000001111111001000001
1000001000000000000000000020000000000100001001111113022222000000100001000000000000001000301000030001
1000001000000000000000000000000300000100000001000010000000000000100001000000000000001000000000000001
1000001000000000300000002222222000000100000001000010000000000000103001000000000000001000000000000001
1000001002022002220000002222222000000100000001000010000000000000100001000000000000001000000000000001
1000001003000000000000000300000000000100000001000010000000000000100001000300000000001000000000000001
1000001000020022220000000000000000000100000301000010000000000000100001000000000000001000001001000001
1000001000020022220000000000000003000100000001000010000032002000100001000000000000001000001001000031
1300001000000022220000000002222200000100001000000010000002002000100001000000000030001030001301000001
1000001000000000000000000002222200000130001000000010000000002030100001000000000000001000001001000001
1000001000000000000000003002222200000100001000000010000002202000100001000000000000001000001001000001
1000001000000000000300000000000000000100001000000010000002200000100001000000000000001000001001000001
1000001000000000000000000000000000000100001000003010000000000000100031000030000000001000001001000001
1000001030000000000000000002220200000100001001000010000000000000100001000200222200001000301001000001
1000001000000000000000000002220000030100001031000010002200200000100001000200000000031000001001000031
1000001000000003000000000000000000000100001001000010002200200000100001000000000000001000001001000001
1000001000000000000000000300000000000100001001000010002203200000100001000220000000001000001001000001
1000001000000000000000000000000000000100001001000010000000200000100001000220000000001000001001000001
1000001000000000000000000222200000000103001001000010002000000000100001300000030000001000001001000001
1300001000000000000000000000000000000100001001111110000000000000100001000000000000301111111031000001
1000001000000000000000000000000300000100001030000000000000000000130001000000000000000000000001000001
1000001000000000000300000000000000000100001000000000000000030000100001000000000000000000000001000001
1000001111111111111111111111111111111100001111111111111111111111100001111111111111111111111111000001
1000003000000030000000000000000000000000000000000000000000000000000000000000000000000000000000000001
1000000000000000000000000000000000000000000000000000000000000000000000000000000000000000000030000001
1000000000000000000000003000000000000000002000000000000000000000000003000000000000000000000000000031
1300000000000000000000000000000300000000002000000030000000000000000000000000030000000000000000000001
1000001111111111111111111111111111111100032000000000001111111111100001111000001000011111111111000001
1000001000000000000000000000000000003100002000000000001000300000100001000000001000010003000001000001
1000301000000000000000000000000000000100002000000000001000000000100001000000001003010000000001000001
1000001001111111110000111111111111100100000000000000001000000000100001002220001000010000000001000001
1000001001000000010000100000000000100100000220003000001000000000100001000000001000010000000001000301
1000001001000000010300100000000000100100000220000000001000000000100001000000001000010000000001000001
1000001001000000010000100003000000100103000220000000001000000000100001030000301000010000000001000001
1000001001000000010000100000000000100100000220000000001000000000130001000000001000010000030001000001
1000001001000000010000100020022200100100000000000000001000000000100001000000001000010000000001000001
1030001001000000010000100020022200100100000000000200001000000000100001000000001000010000000001030001
1000001001300000010000100000000300100100000000003200001000000030100001000000001000310000000001000001
1000001001000000010000100022000000100103000000000200001000000000100001000000001000010000000001000001
1000001001000000010000100022000000100100000000000200001002222000100001000000001000010000000001000001
1000001001000000010000100300000000100100000000000000001000000000100001000000031000010000000001000001
1000001001000000010000100000000000100100000000202220001030000000100001000000001000010000000001000001
1000001001000000010300100000000000100100000000002220001000000000100001003000001000010000000001000301
1000001031000001110000110000011111100100000000000000001000000000100001000000001000010000000001000001
1000001000000000000000000000000000000000000000000000001000000000103001000000001000010003000001000001
1003001000000300000000000000000000000000000000002220001000000000100001000000001000010000000001000001
1000001000000000000000000000000000000000022222002220301000000000100001000000001000010000000001000001
1000001000000000222002222000000000000000000000302220001100000011100001111111111000011000011111000001
1000001000000000222002222003000000000130000000002220000000003000000000000000000000300000000000000001
1000001000000000030000000000000000000100000000002220000000000000000030000000000000000000300000003001
1000001000000000000000000002220000000100000000000000000000000000000000000000000000000000000000000004
1000001300000000000000000000000000000100000000000000022000000000000000000003000222002200000000000004
1000001000000000000000000000000000000100002222222000022000000000000000000000000222000000000000000004
1300001000003000000000000000030000000100000000000000022000000000000000000000000222000000000000000004
1000001000000000000000302020022200000100000000003000000000000030000000000000000222000000000000000001
1000001000000000000000000020022200000100222200220000000030022000000000000000000222000030000000000001
1000001000000000000000000000022200000100222200220000000000022000000000000000000000000022000000003001
1000001000000000002200000000022200000100000000220000000000022000002000000000000000000022000300000001
1000001000000000002200000000000000000100300000000000300000022000000000300000000000000022000000000001
1000001000000000002200000000000003000100000000000000000000003000002220000000000000000022000000000001
1300001030000000002200000030000000000100000000000000000000000000002220000000003000000022020002000001
1000001000000000002200000000000000000100000000000000000000000000000000000000000000000000320002000001
1000001000000000300000000000000022200100000000000000000000000000000000000000000000000000020002000001
1000001000000000000000000000000000000100000020000000030000000000002222200000000000000000020032000001
1000001000000000000000000000000000000100000023000000000000000000002222200220022220000000020002000001
1000001111111111111111111111111111111130000020000000000000000000002222200220022220000000000002000031
1000000000000000000000000000003000000000000020000000000000000000000000000220022220000300000002000001
1000300000000000000000030000000000000000000020000000000000000300000000000000000000000000000000000001
1000000000000000030000000000000000030000000000000000000000000000000000000000000000000000000000000001
1000000000003000000000000000000000000000003000003000000000000000003000000000000000000000000000000001
1000000000000000000000000000000000000000000000000000000000000000000000030000003000000000000030000001
1111111111111111111111111111111111111111111111111111111111111111111111111111111111111111111111111111
