1111111111111111111111111111111114444111111111111111111111111111111111111111111111111111111111111111
1030000000000000030000000300000000000000000000000000000000000000000000000000000000000000000000000001
1000000000000300000000000000000000000000300000000000000000030000003000000000000000030000000000030001
1000000000000000000000000000000000000000000000003000000000000000000000000000000000000000000000000001
1000000000000000000000000000000000000000000000000000000000000000000000000000000000000000000000000001
1000000000000000000000000000000000000000000000000000000000000000000000030000000000000000000000000001
1000001111111111111111111111111111111100001111111111111111111111100001111111111111111111111111000001
1000001000000000000000300000003000030100001000000000000000000000100001000000300000000000300001000001
1000001300000000300000000000000000000100001030000000000000030000100001000000000000000000000001000001
1000001000000000000000111111111111100100001000000030000111111100100001000000000000001111111001000001
1000001000000000000000100000000000100103001000000000000100000100100001003000000000301000001001000001
1000001000000000000000100000000000100100001002202000000100000100100001000000000000001000001001300001
1000001002200222200000100000000000100100001002200000000100000100100001000000000000001000001001000001
1003001002200000000000100002222200100100001002200000000100000130100001002202200222001000001001000001
1000001002200300000000000000003000100100001000003000000100000000100031002202200222001000001001000001
1000001000000000000000000022022000100100001000000000000100000000100001000002200222001000001001000001
1000001000000000000000030000022000130100001002222200000130000000100001000030000222300000001001000001
1000001000000000000000000000000000100100001002222200000100000000100001000000000000000000001001000001
1000001000000000000000100022200000100100001002222200000100000000100001000000000000000000001001000001
1000001030000000000000100022200000100100301000000000000100000100100001000000000000000000001001000031
1000001000002000000000100022200000100100001000000000000100000100100001000000000000001000001001000001
1000001000002000000030100030000000100100001000200220000100000103100301000000000000001000031001000001
1000001000002000000000100000022200100100001003200220000100000100100001000000022000031000001001000001
1000001000002000000000100000000000100100001000000220030100000100100001000000022000001111111001000001
1000001000000000000000100000000000130000001000200000000111111100100001000030022000000000000001000001
1000001000000302000000111111111111100000001000000000000000000000100001000000022000000000000001030001
1030001000000002000000000000000000000000001000000000000000000000103001000000022000000030000001000001
1000001000000002000300000000000000000000001000000000000000000000100001000000000000000000000001000001
1000001300000000000222220320000000000100001000000000000000000000100001000000000000301111111001000001
1000001000000000000000000020000300000100001001111110022222000000100001030000000000001000001000000001
1000001000000000000000000000000000000100000001000010000000300000100001000000000000001000030000000001
1000001000000000000000002222222000000130000301000010000000000000100001000000000000001000000000000001
1000001002022302220000002222222000000100000001000310000000000000100001000000000000001000000000000001
1000001000000000000000003000000000000100000001000010000000000000103001000000000000001000000000300001
1000001000020022223000000000000000000100000001000010000000000030100001000000000000001000001001000001
1000001000020022220000000000000000000100000001000010000002002000100001000000000000001000001001000001
1000001000000022220000000002222200000100001000000010000002002000100001000000000000301000001001000001
1000001000300000000000000002222200300100001000000010000000002000100001000000000000001000001001000001
1000001000000000000000000002222200000100001000000010003002202000100001000000000000001000001001000001
1003001000000000000000000030000000000100001000000010000002200000103001000030000000001003001001000301
1000001000000000000000000000000000000100001000000010000000000000100001000000000000001000001001000001
1000001000000000000000000002220200000100001031000013000000000000100001000200222200001000001001000001
1000001000000000000000000002220000000100001001000010002200200000100001000200000000001000001001000001
1000001000030000003000000000000000000100001001000010002200230000100001000000000000001000001301000001
1000001000000000000000000000000000000100001001000010002200200000100001000220000000001030001001000001
1000031000000000000000000000030000030100001001000010000000200000100001000220003000001000001001000001
1000001000000000000000000222200000000100001001000010302000000000100001003000000000001000001001000001
1000001000000000000000003000000000000100001031111110000000000000100001000000000000001111111001000001
1000001000000000300000000000000000000100001000000000000000000000100301000000000000000000000001000001
1000001000300000000000000000000000000100001000000000000000000300100001000000000000000000000001000001
1000001111111111111111111111111111111130001111111111111111111111100001111111111111111111111111000031
1000000000000000000000000000000000000000000000000030000000000000000000000000000000000000000003000001
1003000000000000000000000000300000000000000030000000000000000000000000000000000003000000000000000001
1000000000000000000000000000000000000000002000000000000030000000000000000003000000000030000000000001
1000000000000000000300000000000000000000002000000000000000000000000000000000000000000000000000000001
1000001111111111111111111111111111111100002000000000001111111111100001111000001000011111111111003001
1000001000030000000000000000000000000100002000000000001000000000100001000000001000010000000001000001
1000001000000000000000000000000000003100002000000000001000000000100001000000001000010000000001000001
1000001001111111110000111111111111100100000000000000301000000030100301002220001000010000000001000001
1000031001000000010000100000000000100100000220000000001000000000100001000000001000010000000031000001
1000001001000000010000100000000000100100000220000000001000000000100001000000001000010000000001000031
1000001001000000010003100000000000100100000220000000001000000000100001000000001030010030000001000001
1000001001000000010000100000300000100100000220000000001000000000100001000000001000010000000001000001
1000001001003000010000100020022200100100000300000000001000000000100001030000001000010000000001000001
1000001001000000010000100020022200103100000000000200001000000000100001000000001000010000000001000001
1000001001000000010000100000000000100100000000000200001000003000100001000000001000010000000301000001
1000001001000000010300100022000000100100000000000200031000000000100001000000001000010000000001000001
1000001001000000010000100022000000100100000003000200001002222000100001000000031000010000000001000001
1000001001000000010000100000000000100100000000000000001000000000100301003000001000010000000001000301
1030001001000000010000100000003000100100000000202220001000000000100001000000001000010030000001000001
1000001001000000010000100000000000100100003000002220001000000000100001000000001000010000000001000001
1000001031000001110000110000011111100100000000030000001000000000100001000000001000010000000001000001
1000001000000000000000000000000000000000000000000000001000000000100001000000001000010000000001000001
1000001000000000000300000000000000003000000000002220001000000000100001000003001000010000000001000001
1000001000000000000000000000030000000000022222002220001300000003100001000000001000010000000001000001
1000001000000000222002222000000000000000030000002220001100000011100001111111111000011000011111000001
1000001000000000222002222000000000000100000000032220000000000000000000000000000000000000003000030001
1300001000000000000000003000000000000100000000002220000000000000000000000000000000000000000000000001
1000001000030000000000000002220000000100000000000000000000000000000000000000000000000000000000000004
1000001000000000000000000000000000000100000000000000022000000000000000000030000222002200000000000004
1000001000000000003000000000000000000103002222222000022000030000000000000000000222000300000000000004
1000001000000000000000000000000300000100000000030000022000000000000000000000000222000000000000000004
1000001000000000000000032020022200000100000000000000000000000000000000000000000222000000000000030001
1000001000030000000000000020022200000100222200220000000000022000003000000000000222000000000000000001
1000001000000000000000000000322200000100222200220000000300022000000000000000000000000022000000000001
1000001000000000002200000000022200000103000000220000000000022000002000030000000000000022000000000001
1000001000000000002200000000000000300100000000000000000000022000000000000000000003000022000000000001
1000001000000000002200000000000000000100000000000000000000000000002220000000000000000022000000000001
1000001000300000032200000000000000000100000000000000000000000000002220000000000000000022020002000001
1000001000000000002200000003000000000100000000000000000000000000000000000000000000000000020032000001
1000001000000000000000000000000022200100003000000000000000000000000000000300000000000000020002000001
1003001000000000000000000000000000000100000020000000300000000030002222200000000000000000020002000001
1000001000000000000000000000000000030100000020000000000000000000002222200220022220000000020002000301
1000001111111111111111111111111111111100000020000000000000000000002222200220022220003000000002000001
1000000000000000000000000000000000000000000020000000000000000000000000000220022220000000000032000001
1000000000000000000000300000000000000000000020000000000000000000000000000000300000000000000000000001
1000000000000000000000000000000000000000300000000000000000000000000030000000000000000000000000000001
1000000000000000030000000000000300000000000000000030000030000000000000000000000000000003000000000001
1003000003000000000000000000000000000000000000000000000000000000000000000000000000300000000000000031
1111111111111111111111111111111111111111111111111111111111111111111111111111111111111111111111111111
