1111111111111111111111111111111114444111111111111111111111111111111111111111111111111111111111111111
1300000000000000000000000000000000030000000000000000000000000003000000300000000000000000000000000001
1000000000000000300000000000000000000000000000000000030000000000000000000000000000030000000000000301
1000000000000000000000003000000000000000003000000000000000000000000000000000000000000000000000000001
1000000003000000000000000000000000000000000000030000000000000000000000000000300000000000000300000001
1000000000000000000000000000000000000030000000000000000000300000000030000000000000000000000000000001
1000001111111111111111111111111111111100001111111111111111111111100001111111111111111111111111000001
1000001000000000000000000000000000000100001000000000000000000000100001000000000000000000000001000001
1000001000000000000000000000003000000100001000000000000000000003100001000000000000030000000001000001
1000001003000000000000111111111111100100001000000000000111111100100001000000000000001111111001000001
1030001000000300000000100000000000100100001000300000000100000100100001000000000000001000001001300001
1000001000000000000000103000000000100103001002202000003100000100100001003000000300001000001001000001
1000001002200222200000100000000000100100001002200000000100000100100001000000000000001000001001000001
1000001002200000000300100002222200100100001002200000000100300100100001002202200222001000001001000001
1000001002200000000000000000000000100100001000000000000100000000100001002202200222001300001001000001
1000001000000000000000000022022000100100001000000000000100000030100001000002200222001000001001000001
1000001003000000000000000000022000130100001002222200000100000000100001000000000222000000001001000001
1300001000000000000000000000000000100100001002222230000100000000100001000030000030000000001001000301
1000001000000030000000100022200000100100001002222200000130000000100001000000000000000000001001000001
1000001000000000000000130022200000100100001000000000000100000100100001000000000000000000001001000001
1000001000002000000000100022200000100100001000000000000100000100100001000000000000001300001001000001
1000001000002000000000100000000000100100001030200220000100000103100001300000000000001000001001000001
1000001000002000000000100000022200100100001000200220000100000100100001000000022000001000001001000001
1000001000002000003000100000000000100100001000000220000100000100100001000000022000301111111001000001
1000001000000000000000100000300000100000001000200000000111111100100001000000022000000000000001000001
1300001000000002000000111111111111100000301000000000300000030000100001000000322000000000000301000031
1000001000000002000000000000000000000000001000000000000000000000100001000000022000000000000001000001
1000001003000002000000000000000000000000001000000000000000000000100001300000000000000000000001000001
1000001000000000000222220020000000000100001000000000000000000000100001000000000003001111111001000001
1000001000000000000000000020000000000100001001111110022222000000100001000000000000001000001000000001
1000001000000000000000000000000000000100000001000010000000000000100001000000000000001000000000000001
1000001000000000000000002222222030000100000001000010000000000000100001000000000000001000030000000001
1000001002022002220030002222222000000130000001003010000000000300100001000000300000001000000000000001
1000001000000000000000000000000000000100000001000010000000000000100001000000000000001000000000000001
1000001000020022220000000030000000000100000001000010000000000000100001000000000000001000001001000001
1000001030020322220000000000000000000100000001000010000002002000100001000000000000001000001001000031
1000001000000022220000000002222200000100001000000010000002002000100031000000000000031000001001000001
1003001000000000000000000002222200000100001300000010000000002000100001000000000000001000001001000001
1000001000000000000000000002222200003100001000000010003002202000100001000003000000001000001001000001
1000001000000000000000000030000000000100001000000010000002200000100001000000000000001000001001000001
1000001000000000300003000000000000000100001000000010000000000000100001003000000000001000001001000001
1000001000000000000000000002220200000100001001003010000000000000100001000200222200001030001001000001
1000001003000000000000000002220300000100301001000010002200200000100001000200000000001000001001000031
1030001000000000000000000000000000000100001001000010002200200000100001000000000000001000001001000001
1000001000000000000000000000000000000100001001000010002200200003100001000220300000001000001001000001
1000001000000000000300000000000000000100001001000010000000200000100001000220000003001003001301000001
1000001000000000000000000222200000000100001001000010002000000000100001000000000000001000001001000001
1000001000000000000000000000000000000100001001111110000000000000100001000000000000001111111001000001
1000001000000030000000000000300000000100001000030000003000000000100001000000000000000000000001000001
1000001000000000000000000000000000000100001000000000000000000000100001000000003000000000000001000001
1000001111111111111111111111111111111100001111111111111111111111100001111111111111111111111111300001
1000030000000000000000000000000000000000000000000000000000000000000000300000000000000000000000000001
1000000000000000000000000000000000000000000000000000000000000300000000000000000000030000000000000001
1000000000000000000000003000000000030000002000000000000000000000000000000000000000000000000000000001
1000000000000000000000000000000000000000002000000000000000000000000000000000300000000000000000000001
1000001111111111111111111111111111111100002030000000031111111111100001111000001000011111111111000001
1000001000000000300000000000000000000100002000000000001000000000100001000000001000010003000001000001
1000031000000000000000000000000000000100002000000000001000000000100001000000001000010000000001000301
1000001001111111110000111111111111100100000000000000001000000030100001002220001000010000000001000001
1000001001000000010003100000000000100100000220000000001000000000100001000000001030010000000001000001
1000001001000000010000100003000000100130000220000000001000000000100001000000001000010000000001000001
1000001001003000010000100000000030100100000220000000001000000000100001000000001000010000000001000001
1000001001000000010000100000000000100100000220000000001000030000100301000000001000010000000001000001
1300001001000000010030100020022200100100000000000000001000000000100001000000001000010000000001000001
1000001001000000010000100020022200100100000000003200001000000000100001000003001000310000000001000001
1000001001000000010000100000000000100100003000000200001300000000100001000000001000010000000001000031
1000001001000000010000100022000000100100000000000200001000000030100001000000001000010000030001000001
1000001301000003010000100022000000100100000000000200001002222000100001000000001000010000000001000001
1000001001000000010000100000000000103100000000000000001000000000100001000000001300010000000001000001
1000001001000000010000100000030000100100000000202220001000000000100001000000001000010000000001000001
1000001001000000010000100000000000100100000000002223001000300000100001000000001000010000000001300001
1300001001000001110030110000011111100100000000000000001000000000100001000000001000010000000001000001
1000001000000000000000003000000000000000000000000000001000000000103001000000001000310000000001000001
1000001000000000000000000000000000000000000000002220001000000000100001000030001000010000000001000001
1000001000030000000000000000300000000000022222002220001000000000100001000000001000010000003001000001
1000001000000000222002222000000000000300000000002220301100000011100001111111111000011000011111003001
1000001000000000222002222000000000000100000000032220000000000000000000000000000000000000000000000001
1000001000000000000000030000000000000100000000002220000000000000000000000000000000000300000000000001
1000301000000000003000000002220000000100000000000000000003000000000000000000000000000000000000000004
1000001000000000000000000000003000000100000000000000022000000000300000000000300222002200000000000004
1000001000000300000000000000000000000100002222222000022000000000000000300000000222000000000000000034
1000001000000000000000000000000000000100000000000003022000000000000000000000000222000000000000000004
1000001000000000000000002020022200030100000000000000000000000000000000000000000222300000000000000001
1000001000000000000000000020022200000100222200220000000003022000000000000000000222000000000000000001
1000001000000000000300000003022200000100222200220000000000022000000000000000000000000022000000000001
1000001000000000002200000000022200000100030000220000000000022000002000000000000000000022000003000001
1000001000300000002200000000000000000100000000000000000000022300000000000000300000000022000000000001
1000001000000000002200000000000000000100000000000000000000000000002220000000000000000022000000000001
1003001000000000002200000000000003000100000000000000000000000000002220000000000000000022020002000001
1000001000000003002200000000000000000100000000000300000300000000000000000000000000000000020002000001
1000001000000000000000000300000022200100000000000000000000000000000000000000000000000000020002000001
1000001000000000000000000000000000000100000020000000000000000000002222230000000000000000320002000031
1000001000000000000000000000000000000100000020000000000000000000002222200220022220000000020002000001
1000001111111111111111111111111111111100000020000000000000000000002222200220022223000000000002000001
1000000000000000000000000000000000000000000020000000000000000000000000000220022220000000000002000001
1000000000000000000000000000000000000000000023000000000000003000000000000000000000000000000000000001
1000000000000000000000000000000000000030000000000000030000000000000000000000000000000000030000000001
1000030000000000300000000000000000000000000000000000000000000000003000000000000000000000000000000001
1000000000000000000000300000003000000000000000000000000000000000000000000300000000000300000000030001
1111111111111111111111111111111111111111111111111111111111111111111111111111111111111111111111111111
