1111111111111111111111111111111114444111111111111111111111111111111111111111111111111111111111111111
1000300000000000000030000000000000000300000000000000000300000000300000000000030000000300000000000031
1000000000000000000000000000000000000000000003000000000000000000000000000000000000000000000000000001
1000000000000000000000000000030000000000000000000000000000000000000000003000000000000000000000000001
1000000000030000000000000000000000000000000000000000000000000000000000000000000000000000000300000001
1000000000000000000000000000000000000000000000000000000000000000000000000000000000000000000000000001
1300001111111111111111111111111111111100031111111111111111111111100001111111111111111111111111000001
1000001000000000000000000000000000000100001000000000000000003000100001000000000000000000000001000001
1000001000000000003000003000000000000100001000000000000000000000103001000000000000000000000001000301
1000001000000000000000111111111111100100001000000000000111111100100001000000000030001111111001000001
1000001000003000000000100000000000100100001000000000000130000100100001000000000000001300001001000001
1000001000000000000000100000000300100130001002202300000100000100100001000000000000001000001001000001
1000001002200222200000100000000000100100001002200000000100000103100031000000000000001000001001030001
1000001002200000000000100002222200100100001002200000000100000100100001002202200222001003001001000001
1000001002200000000030000000000000100100001000000000000100000000100001002202200222001000001001000001
1000301000000000000000000022022000100100001000000000000100003000100001030002230222001000001001000001
1000001000000000000000000000022000100100001002222200000100000000100001000000000222000000001001000001
1000001000000000000000000000000300100100001002222230000130000000100001000000000000000000001001300001
1000001000000000000000100022200000100100001032222200000100000000100001000000000000000000001001000001
1000001000000300000000130022200000100100001000000000000100000100100001000000000000000300001001000001
1000001000002000000000100022200000130100001000000000000100000100100001000000000000001000001001000001
1300001000002000000000100000000000100100001000200220000100000100130001000000000300001000001001000001
1000001000002000000000100000022200100100001000200220030100000100100001000000022000001000031001000001
1000001000002000000000100000000000100100001000300220000100000100100001000300022000001111111001000301
1000001030000000000003100000300000100000001000200000000111111100100001000000022000000000000001000001
1000001000000002000000111111111111100000001000000000000000300000100001000000022000000300000001000001
1000001000000002000000000000000000300000001000000000000000000000100001000000022000000000000001000001
1000001000000002000000000300000000000000001000000000000000000000100001000000000000000000000001000001
1000001000000000003222220020000000000100001000000030000000000000100001000000000000001111111001000001
1000031000000000000000000020000000000100001301111110022222000000100001000000000000001000001000000001
1000001000000000000000000000000000000100000001000010000030000000100001000000030000001000000000000001
1000001000300000000000002222222000000100000001000010000000000003100001300000000000001000000000300001
1000001002022002220000002222222000000100000001000010000000000000100001000000000000001000000000000001
1000001000000000000000000000300000000103000001000010000000000000100001000000000000001030000000000031
1000001000020022223000030000000000000100000001000010000000000000100001000000000000001000001001000001
1000001000020022220000000000000000000100000001300010000002002000100001000000000000001000001001000001
1003001000000022220000000002222200000100001000000010000002002000100001000000000000001000001001000001
1000001000003000000000000002222200030100001000000010000000032000100001000000000000001000001301000001
1000001000000000000000000002222200000100001000000010000002202000100001000000030000001000001001000001
1000001000000000000000000000000000000100001000000010000002200000100301000000000000001000001001000001
1000001000000000000000000000000000000100001000003010000000000000100001000000000000001003001001000001
1000001000000000000300000002220200000100001001000010000000000000100001000200222200001000001001000001
1000001000000000000000000002220000000100031001000010002200200000100001000200000000001000001001300001
1300001300000300000000000000003000000100001001000010002203200000100001000000000000001000001001000001
1000001000000000000000000000000000000100001001000010002200200030100001003220000000001000001001000001
1000001000000000000000000000000000000100001001000010300000200000100001000220000000001000001001000001
1000001000000000000000000222200000003100001001000010002000000000100001000000000000301000001031000001
1000001000000000000000000300000000000100001001111110000000000000100001000000000000001111111001000001
1000001000000000000000000000000000000100001000000000000000000000100001000000000000000000000001000001
1000001000000000300000000000000000000100001000000000000000000000100001000000000000000000000001000001
1000001111111111111111111111111111111100001111111111111111111111100301111111111111111111111111000001
1000000030000000000003000000000300000300000003000000000000000000000000000000000000000000030000000001
1000000000000000000000000000000000000000000000000000000000030000000000000000000000003000000000000001
1000000000000000000000000000000000000000002000000000000000000000000000000000000000000000000000000301
1000000000000000000000000000000000000000002000000003000000000000000000000000000000000000000000000001
1000001111111111111111111111111111111100002000000000001111111111100001111000031000011111111111000001
1000001000000000000000000003000000000100002000000000001000000000100001000000001000010000000001000001
1000001000000000000000000000000000000100002000030000001000000003100001000000001000010003000001000001
1030001001111111110000111111111111100130000000000000001000000000100001002220001000010000000001000001
1000001001030000010000100000000000100100000220000000001000000000100001000000001000010000000001000001
1000001001000000010030100000003000100100000220000000001003000000100001000000001000010000000001000001
1000001001000000010000100000000000100100000220000000001000000000100301000000001000010000000001000001
1000001001000000010000100000000000100100000220000000001000000000100001000000001000013000000001003001
1000001001000000010000100020022200100100000000000000001000000000100001000003001000010000000001000001
1000001001000000010000100020022200100130000000000200001000000000100001000000001000010000003001000001
1000001001000000010000100000000000100100000300000200001000000000100001000000001000010000000001000001
1000001001000003010000100022000300100100000000000200001000000000100001000000001000010000000001000001
1000301001000000010000103022000000100100000000000200001002222000100001000000001000010000000001000001
1000001001000000010000100000000000100100000000030000001000000003100001000000001003010000000001000001
1000001001000000010000100000000000100100000000202220001003000000100001000000001000010000000001000301
1000001001000000010000100000000000100100000000002220001000000000100001000000001000010000000301000001
1000001001000001110000110000011111100100300000000000001000000000100001030000001000010000000001000001
1000001000000000003000000000000000000000000000000000301000000000100001000000001000010000000001000001
1000001300000000000000000000000000030000000000002220001000000000100001000000001000010000000001000001
1000001000000000000000000000000000000000022222002220001000000003100001000000001000010003000001000001
1000001000000000222002222000000000000000000030002220001100000011100001111111111000011000011111000001
1000001000000300222002222000000000000100000000002220000000000000000000000000000030000000000000030001
1000001000000000000000000000000000000100000000002220000000000000000000000000000000000000000000000001
1000001000000000000000003002220000000100000000000000000030000000000000003000000000000000000000000004
1030001000000000000000000000000000000103000000000000022000000000000000000000000222002200000000000004
1000001000000000000000000000000000000100002222222000022000000000000000000000000222000000000000000004
1000001000000000000000000000000000000100000000003000022000000000000000000000030222000003000000000004
1000001003000000000000002020022200000100000000000000000000000000000000000000000222000000000000000001
1300001000000000000000000020022230000100222200220000000000022000000000000300000222030000000000000001
1000001000000003000000003000022200000100222200220000000000022000000000000000000000000022000000000031
1000001000000000002200000000022200000130000000220000000000022000302000000000000000000022000000000001
1000001000000000002200000000000000000100000000000000000000022000000000000000000000000022000300000001
1000001000000000002200000000000000000100000003000000000300000000002220000000000000000022000000000001
1300001000000000002200000000000000000100000000000000000000000000002220000000000000000322020002000001
1000031000300000002200000000000000300100000000000000000000000000000000000000000000000000020002000001
1000001000000000000000000000000022200100000000000000000000000000000000030000000000000000020002000001
1000001000000000000000000000030000000100000020000000000000000000002222200000000000000000020002030001
1000001000000000000000300000000000000100000020000000000000000300002222200220022220000000020002000001
1003001111111111111111111111111111111130000020300000000000000000002222200220022220000000000002000001
1000000000000000000000000000000000000000000020000000003000000000000000000220022220000000000002000001
1000000000000000000000000000000000000000000020000000000000000000000000000000000000000000000000000001
1000000000000000000000000000000000000000000000000000000000000000000000000000030000030000000000000301
1000000000000000300000000000000030000000000000000000000000000000000000030000000000000000000300000001
1300003000000000000000003000000000000000000000300000000000000000030000000000000000000000000000000001
1111111111111111111111111111111111111111111111111111111111111111111111111111111111111111111111111111
