1111111111111111111111111111111114444111111111111111111111111111111111111111111111111111111111111111
1000000000000000000300000000000000000000000300000000000000000000000000000000000000000000000000000031
1000000000000000000000000000000000000000000000000000000300000003000000000000000000000030000300000001
1000000000000000000000000000000000300000000000000000000000000000000000000000000000000000000000000001
1003000000000000000000000000300000000000000000000300000000000000000000000000300000000000000000000001
1000000000000000000000000000000000000000000000000000000000000000000000000000000000000000000000000001
1000001111111111111111111111111111111100301111111111111111111111100001111111111111111111111111000001
1000001000000000000000300000000000000100001000000000000030000000100031000000000000000000000001000001
1000001300000003000000000000000000000100001000000000000000000000100001000000000000000000000001000001
1000001000000000000000111111111111100100001000000000000111111100100001000000000000001111111001000001
1000001000000000000000100000000000100100001003000000000100000130100001000000000000001000031001000001
1000001000000000000000100000030000100103001002202000000100000100100001000000000000001000001001000001
1000001002200222200000100000000000100100001002200000000100000100100001000000000300001000001001000301
1300001002203000000000100002222200100100001002200000000100000100100001002202200222001000001001000001
1000001002200000000000000030000003100100001000000000000100030000100031002202200222001000001001000001
1000001000000000000030000022022000100100001000000300000100000000100001000002200222001000001001000001
1000001300000000000000000000022000100100001002222200003100000000100001000003000222000000001001000001
1000001000000000000000000000000000100100001002222200000100000000100001000000000000000300001001000031
1000001000000300000000100022200000100100001002222200000100000000100001000000000000000000001001000001
1030001000000000000000100022200030100100001000000000000100000100100001000000000000000000001031000001
1000001000002000000000100022200000100130001000000000000100000100100001000000003000001000001001000001
1000001000002000000000100000000000100100001030200220000100003100100001030000000000001000001001000001
1000001030002000000300100000022200100100001000200220000100000100100001000000022000001000001001000001
1000001000002000000000100030000000100100001000000220000100000100100001000000022000001111111001000001
1000001000000000000000100000000000100000001000200000000111111100100001000000022000000000000001000031
1000001000000002000000111111111111130000001000000000000000000000100001000000022000000000000001000001
1000001000000032000000000000000000000000001000000000000000000000100001000000022000003000300001000001
1000001000000002000000000000300000000000001000000300000000000030100031000000000030000000000001000001
1300001000000000000222220020000000000100001000000000000000000000100001000000000000001111111001000001
1000001000000000000000000020000000300100301001111110022222000000100001000000000000001000001000000001
1000001000000000000000000000000000000100000001000010000000000000100001000000000000001000000000000001
1000001000000000030000002222222000000100000001000010030000000000100001003000000000001000000000000031
1000001002022002220000002222222000000100000001000010000000000000100001000000000000001000000000000001
1000001000000000000000000000000030000100000001000010000000000000100301000000030000001000000000000001
1000001030020022220000000000000000000100000001000010000000000000100001000000000000001000001001000001
1000001000020022220000000000000000000100000001000010000002002000100001000000000000001003001001000001
1000001000000022220000000002222200000100001030000010000002002000100001000000000000001000001001000001
1000001000000000000003000002222200000100001000000010000300002030100001000000000000001000001001300001
1000001000000000000000000002222200000100001000000010000002202000100001000000000000001000001001000001
1000301000000000000000000000000000000100001000000310000002200000100001300000000000301000001001000001
1000001000000000000000000000000000000100001000000010000000000000100001000000000000001000001001000001
1000001000000300000000000002220200000100001001000010000000000000100001000200222200001000001001000001
1000001000000000000000000302220003000130001001000010002200200000100001000200000000001000001001000001
1000001000000000003000000000000000000100001001000010002200230000130001000000003000001000301001000001
1030001000000000000000000000000000000100001001000010002200200000100001000220000000001000001001000031
1000001000000000000000000000000000000100001001000310000000200000100001000220000000001000001001000001
1000001000000000000000000222200000000100001001000010002000000000100001003000000000001000001001000001
1000001003000000000000000000300000000100001001111110000000000000100001000000000000001111111001000001
1000001000000000000000000000000000000130001000000000000300000000100001000000000000000000000301000001
1003001000000000003000000000000000000100001000000000000000000000100001000000000000000000000001000001
1000001111111111111111111111111111111100001111111111111111111111100001111111111111111111111111000001
1000000000000000000000000000000003000000003000000000000000000000000000000000000000000000000000000001
1000000030000000000000000300000000000000000000000000000000000000003000030000000003000000000000000031
1000000000000003000000000000000000000000002000000000000000000000000000000000000000000003000000000001
1300000000000000000000000000000000000000002000000000000000300000000000000000000000000000000000000001
1000001111111111111111111111111111111100002000000000001111111111100001111000001000011111111111000001
1000001000000000000000000000000000000100002003000000001000000000100001000000001000010000000001000001
1000001000000000000000000000000000000130002000000000301000000000100001000000001000010000000001000001
1000001031111111110003111111111111100100000000000000001000000000100001002220001300010000000001000001
1000001001000000010000100000000000100100000220000000001000000000100001003000001000010000000001300001
1000001001000000010000100000000000100100000220000000001000000000100001000000001000010000000001000001
1300001001000000010000100000000030100100000220000000001000000000100001000000001000010000000001000001
1000001001000300010000100000000000100100300220000000001000000000100001000000001000010000000001000001
1000001001000000010000100020022200100100000000000000001000300000100001000000001000010000000001000001
1000001001000000010000130020022200100100000000030200001000000000100031000000001000310000003001000001
1000001001000000010000100000000000100100000000000200001000000000100001000000001000010000000001000001
1000001001000000010000100022000000100100000000000200001000000000100001000000001000010000000001000001
1000001301000030010000100022000000100100000000000200001002222000100001000000001000010000000001000001
1000001001000000010000100000300000100100000000000000001000000000100001000000001000010000000001030001
1000001001000000010300100000000000100100030000202220001000000000100001000030001000010000000001000001
1300001001000000010000100000000000100100000000002220001000003000100001000000001000010030000001000001
1000001001000001110000110000011111100100000000000000001000000000100001000000001003010000000001000001
1000001000000000000000000000000000030000000000000000001000000000103001000000001000010000000001000001
1000001000000000000000000000000000000000000000002220301000000000100001000000001000010000000001000001
1000001030000000000000000000000000000000022222002220001000000000100001000000001000010000030001000001
1000001000000000222002222000000000000000000000002220001100000011100001111111111000011000011111000031
1000001000000000222002222000000000000100000000302220000000000000000000030000000000003000000000000001
1000001000000000000000000000000000000100000000002220000000000000000000000000000000000000000000000001
1000001000003000000000000302220000003100000000000030000000030000003000000000000000000000000003000004
1000001000000000000300000000000300000100000000000000022000000000000000000000000222002200000000000004
1000001000000000000000000000000000000100002222222000022000000000000000000000030222000000000000000004
1003001000000000000000000000000000000100000000000000022000000000000000000000000222000000000000000004
1000001000000000000000002020022200000100000000003000000000000000000000000000000222000000000000000301
1000001000000000000000000020022200000103222200220000000000022000000000300000000222000000030000000001
1000001000000000000000000000022203000100222200220000003000022000000000000000000000000022000000000001
1000001000003000002200000000022200000100000000220000000000022000002000000000000030000022000000000001
1000001000000000002200003000000000000100000000000000000000022000000000000000000000000322000000000001
1000001000000000002200000000000000000100000000000000000000000003002220000000000000000022000000000001
1000001000000000002200000000000000000100000300000000000000000000002220000000000000000022020032000001
1000001000000030002200000000003000000100000000000030000000000000000000000300000000000000020002000001
1000001000000000000000000000000022200130000000000000000000000000000000000000000300000000020002000031
1000001000000000000003000000000000000100000020000000000000300000002222200000000000000000020002000001
1000001000000000000000000000000000000100000020000000000000000000002222200220022220000000020002000001
1000001111111111111111111111111111111100000020000000000000000000002222200220022220000030000002000001
1000300000000000000000000000000000000000000023000000030000000000030000000220022220000000000002000001
1000000000030000030000000000000000300000000020000000000000000000000000000000000000000000000000000001
1000000000000000000000000000000000000000000000000000000000000000000003000000030000000000000000300001
1000000000000000000000000000000000000000000000000000000000000000000000000000000003000000000000000001
1000000000000000000000030000000000000000300000000000000000030000000000000000000000000000000000000001
1111111111111111111111111111111111111111111111111111111111111111111111111111111111111111111111111111
