11444411111111111111111111111111111111111111111111
10030000000000000000000000000000000000300000003001
10000000000000003000000000000000000000000000000001
10000000003000000000300000003000000300002222200001
10000300000022220000000000000000000000003000000001
10000000000000000000002000000000000000000000000031
10000011111111111111102000111111100001111111000001
10000010000000000003002000000000100001000001000001
13000010030000000000002000000003100001300001000001
10000010000000003000000000000000100001000001000301
10000013000000000000030000000000100001000031000001
10000010000000000000000000300030100001000001000001
10000010000000000000000002000000100001000001000001
10030010000003000030000000000000100001000301000001
10000010000000000022222002200003100031000001000001
10000010000000000022222002230000100001000001000001
10000310000000000000003002200000100001000001000031
10000010000000000300000000000000100001030001000001
10000011111111111111111111111111100001000011000001
10000000003000000000000000000000003000000003000001
10000000000000000000000000000300000000000000000001
10000000000000000000000003000000000000030000000301
10300003000000000000000000000000000000000000000001
10001111000011030011111111000001111111111111000001
10201000000001000010000000003001000000000001030001
10201000000001000010000030000001030000322201000001
10201000030001000010022002200001000000022201000031
10031000000001000010022000000001000000022200300001
10001002202001000013022001000031000300000000000001
10001000000001300010022001030001000000000000000001
10301000030001000010022001000001000022022300000001
10001302220001020010000001000001000022000001000001
10001002220001020010003001000001000030000001000031
13001002220001020011111111000001300000000001000001
10001002220001023000000000300001000000030001000001
10001000000301000000022200222001000222002231000001
10001000000001000000322200000001000222002201000001
10001000000001022000000003000301000000002201000301
10001000000001022011100001110001000200000001000001
10001030000001322010000000010001000300000001000001
10031000000001000010000000310001000000000301000001
40001000000001000010030000010001000000000001000001
40001000000001000010000000010001000003000001000001
40001111111111000311111111110001111111111111300001
10300000300003000000000000000300000000000000000031
10000000000000000000000000000000000000000000000001
10000000000000000000000000000000000000300000000001
10000030000000000000000000000000000000000000000001
10000000000300000030000030000300030000000000003001
11111111111111111111111111111111111111111111111111
