11444411111111111111111111111111111111111111111111
10030000030000030000003000000003000003000000003001
10000000000000000000000000000000000000000000000001
10000000000000000000000003000000000000002222200001
10000000000022220000000000000300000300000003000001
10000300000000000000002000000000000000030000000301
10000011111111111111102000111111100001111111000001
10000010000000000300002000000000100001000001000001
10000010000000000000002030000000130001000001000001
13000010000300000000000000000000100001000001000001
10000010000000000000000000000000100001000031000001
10000010000000000003000000000030100301000001000031
10000010000000030000003002000000100001000001000001
10000310030000000000000000300000100001000001000001
10000010000000000022222002200000100001000001300001
10000010000000000022222302200000130001000001000001
13000010000003000000000002200000100001003001000001
10000010000000000000300000000000100001000001000031
10000011111111111111111111111111100001000011000001
10000000000000000000000000000030000030000000300001
10000030000000003000000300000000000000000000000001
10000000000000000000000000000000000000000300000001
10030000003000000000000000000000000000000000000001
10001111000011000011111111000001111111111111000001
10201000000001000010030000300001030030000001030001
10201000000001000310000000000001000000022201000001
13201003000301000010022002200001000000022201000001
10001000000001000010022000000001000000022200000001
10001002202001000010322001300031000003000000000001
10001000000031000010022001000001000000000030000001
10001000000001000010022001000001000022022000000301
10001302220001020310000001000001000022000001000001
10001002220001020010000001000001000000030001300001
13001002220001020011111111030001000000000001000001
10001002220301020000000300000001000000000001000001
10001000000001000000022200222001300222002201000001
10001300000001000000022200000001000222002201030001
10001000003001322003000000003001000000002201000001
10301000000001022011100001110001000200000001000001
10001000000001022010000003010001000000000001000001
10001000000001000010000000010031000000003001300031
40001000030001000010030000010001003000000001000001
40001000000001000010000000310001000000000001000001
40001111111111300011111111110001111111111111000001
10000000000000000000300000000003000030000000003001
10000000000000000000000300000000000000000000000001
13000000000000000000000000000000000000030000000001
10000003000000000000000000000000000000000000000001
10000000000000030000030000003000000000000000030001
11111111111111111111111111111111111111111111111111
