11444411111111111111111111111111111111111111111111
10000003000000000000030003000000000300030000000031
10000000000003000000000000000300000000000000300001
10000000000000000000000000000000000000002222200001
10300000000022220000000000000000000000000000000001
10000000000000000300002300000000300000030000000001
10000011111111111111102000111111100001111111000001
10000010000000300000002000000000100001000001000001
10000010000000000000002000000000100001000001000301
10003010003000000030000000003000130001003001000001
10000010000000000000000000000000100001000001000001
10000010000000000000000000000000100001000001000001
10000010000000003000000002000000100001000001000001
10030010300000000000300030000000100001000001030001
10000010000000000022222002200000100301030001000001
10000010000000000022222002200000100001000001000001
10000010000000000000000002200003100001000001000031
10000010000003000000000000300000100001000001300001
10003011111111111111111111111111100001000011000001
10000000000000000000003000000030000000300000000001
10000000000000000000000000000000000300000000000001
10000000030000000300000000030000000000000000000301
10000000000000000000000000000000000000000003000001
10301111000011000011111111000301111111111111000001
10201030000001000010000000000001030000300001000001
10201000000001000010030000000001000000022201000001
10201000003001000010022002200301000000022231000001
10001000000001300010022003000001000000022200000301
10001302202001000010022001000001000300030000000001
10001000000001000010022001000001000000000000300001
10001000003001000010022001000001000022022000000001
10001002220001020010000001000001030022000001000031
10001302220001023010300001000001000030000031000001
10301002220001020011111111003001000000000001000001
10001002220001020000000000000001000000000001003001
10001000000001000000022200222001000222032201000001
10001000000031000000022200030001003222002201000001
10001000000001022300030000000001000000002231000001
10001000000001022011100001110001000200000001000301
10001000030001022010000003010001000000300001000001
10301000000001000010000000010001300000000001000001
40001000000001000010000000010001000000000301000001
40001000000001000310000000010001000030000001000001
40001111111111000011111111110001111111111111030001
10000000000000300000300000000300000000000000000001
10000000000000000000000000000000000000000000000001
10000000000000000000000000000000000300000000003001
10000000300000000000000300000000000000000300000001
10300000000000300000000000030000000000000000000001
11111111111111111111111111111111111111111111111111
