11444411111111111111111111111111111111111111111111
10030000003000003000300000000000000000030000000301
10000000000000000000000000000300000000000000000001
10000000000000000000000000000000030000002222200001
10000000000022220000000300000000000000300000000001
10000000000000000000002000000000000000000000000301
10000011111111111111102000111111100001111111000001
10030010000003000030002000000000100001000001000001
10000010000000000000002003000003100001000301000031
10000010300000000000003000000000100001000001000001
10000010000000000000000000000000103001000001000001
10000010000000000000000000000000100001030001000001
10000010000000000030000002030003100001000001000001
10000010000000000000000000000000100001000001030001
10003010000000300022222002200000100001000001000001
10000010000000000022222032200000100001000301000001
10000010000000000000000002200003100031000001000001
10300010030000000000000000000000100001000001030001
10000011111111111111111111111111100001000011000001
10000000000000030000000003000000000000000300000001
10000000000000000000030000000030003000000000000031
10000000000000000000000000000000000000000000300001
10030000000003000000000000000000000003000000000001
10001111000011000011111111003001111111111111000001
10201000030001000010000000000001000000000301000001
13201000000001000010000000000001000000022201003001
10201000000001000010022002200001000030022201000001
10001000000001030010022300030001000000022200000001
10001032202001000010022001000001000000000000000001
13001000000001000010322001000001000000000030000031
10001000000001000010022001000031000022022000000001
10001002220301020010000001300001000022000001000001
10001032220001023010000001000001000000300001003001
10001002220001020011111111000301000000000001000001
10001002220001020000000000000001000000000001000001
10301000000001000003022200222001000222002231000001
10001000000031000000022200030001000222302201000001
10001000000001022000000000000001003000002201000001
10001000000001022011100301110001000200000001000301
10301030000001022010000000010001000000000001000001
10001000000001000310000000010301000000030001000001
40001000000301000010000000010001003000000031000001
40001000000001000010003000010001000000000001030001
40001111111111000011111111110001111111111111000001
10000000030000000000000000000000000000030000000001
10300000000000000030000000030000030000000000000001
10000000000000030000000000000000000000000000000001
10000000000000000000030000000000000000000000000001
10000000300030000000000000000000000030003000000031
11111111111111111111111111111111111111111111111111
