11444411111111111111111111111111111111111111111111
13000030000003000000300000000003000000003000000301
10000000000000000000000000300000000300000000000001
10000000000000000300000000000000000000002222200001
10000000030022220000000000000000000000030000000001
10000000000000000000032000000003000000000000000031
10300011111111111111102000111111100001111111300001
10000010000000000030002030000000100031000001000001
10000010000000000000002000000000100001000001000001
10000010000000000000000000000000100001003001003001
13000010300000000000000000000000100001000001000001
10000010000003000000000000000000100031000001000001
10000010000000000000300002000000100001000001000001
10000010000000000000000000030003100001000001003001
10000010000000000022222002200000100001000031000001
10300013000000030022222002200000100301000001000001
10000010000000000000000002200000100001000001000001
10000010000300000000300000000000100001000001000301
10000011111111111111111111111111100001030011000001
10003000000000000000000000000300000000000000000001
10000000000000000000000003000000000000000000000001
10000000000000000030000000000000000000000000000001
10000000003000000000000000000000030000000300000301
10001111000011300011111111000001111111111111000001
13201000000001000010000030000001000003000001000001
10201000000001000010000000000001000000022201000001
10201003000001000010022002203001000000022201300001
10001000000001030013022000000001000000022200000001
10001002202001000010022031000001000300000000000031
10001000000301000010022001000001000000000300000001
10001000000001000010022001030001000022022000000001
10001002220001023010000001000001000022000001000001
10001002220001020010000301000001003000000001000001
10301002220001020011111111000001000000000031003001
10001002220001020000000000000031000000300001000001
10001000300031003000322200222001000222002201000001
10001000000001000000022200000001000222002201000001
10001300000001022000000030000001003000002201000031
10001000000001022011100001110001000200000031000001
10301000000001022010030000010001000000000001000001
10001000000001030010000000010001000000000001000001
43001000300001000010000000010001000000000001000001
40001000000001000013000000010001030000300001000301
40001111111111000011111111113001111111111111000001
10000300000003000000000000000000000000000000000001
10000000000000000000000000000000000000000000000001
10000000000000000300000000300000000030000000000001
10000000000000000000000000000000000000000000000301
13000003000000000000000300000000030000000300000001
11111111111111111111111111111111111111111111111111
