11444411111111111111111111111111111111111111111111
10000000000000000000000000000300000000300000000301
10000000003000030000000030000000000000000030000001
10300000000000000000000000000000000000002222200001
10000000000022220000000000000000000000000000000001
10000000000000000003002000300003000000000300000001
10000011111111111111102000111111100001111111000031
10000010030000000000002300000000100031000001000001
10000010000000000000002000003000100001003001000001
10000010000000030000000000000000100001000001000001
13000010000000000000300000000000130001000001000001
10000010000300000000000000000000100001300031000001
10000010000000000000000002000000100001000001000031
10003010000000000000000000003000100001000001000001
10000010000000000322222002200000130001000001000001
10000010000000000022222032200000100001000001000001
10000010000000000000000002200000100001000001003001
10000010030000000000000000000000100001000001000001
10300011111111111111111111111111130001000011000001
10000000000000300000030000000000000000000300000301
10000000000000000000000000003000000000000000000001
10000000000000000000000000000000000000000000000001
10000030000000000030003003000000030000300000000001
10001111000011000011111111000001111111111111000031
10201000000031000010000000000031000000000031000001
10201000000001000010000000030001000000022201000001
13201000000001000010022002200001000000022201000001
10001000300001000010022000000001000030022200000001
10001002202031000010022001000001000000000000000001
10001000000001000310022001030001000000000000300001
10031000030001000010022301000001030022322000000031
10001002220001020010000001000001000022000001000001
10001002220001020010000001000001000000000001000001
10001002220001320011111111300001000300000031000001
10301002220001020000003000000001000000000001000001
10001000000001000030022200222001300222302201000031
10001003000001000000022200030001000222002201000001
10001000000001322000000000000001000000002201000001
10001000000001022011100001110031000200000001000001
10001000000001022010000000010001000300000001000001
10001300000001300010000030010001000000000301030001
40001000003001000013000000010001000000000001000001
40301000000001000010000000010301000000000001000001
40001111111111000011111111110001111111111111000001
10000000003000000000000000000000000030000000000001
10000000000000000300000000000000000000000000003001
10000000000030000000000000000000000000000000000001
10003000000000000000000000000000000000000000000001
10000000300000000000300030000030000000300003000001
11111111111111111111111111111111111111111111111111
