11444411111111111111111111111111111111111111111111
10003003000000300000000003000000000000300000000001
13000000000000000003000000000000300000000000300001
10000000003000000000000000000000000000002222200001
10000300000022220000000000000000000000000000000001
10000000000000003000002000300000000000000000000031
10000011111111111111102000111111100031111111000001
13000010300000000000002000000000100001003001000001
10000010000003000000002300000000100001000001000001
10000010000000000000000000000000100001000001300001
10000010000000000000000000000000100001000001000001
10000010003000000000300000000300100001000001000031
10300010000000003000000032000000103001030001000001
10000010000000000000000000000000100001000001000001
10000010000030000022222002200000100001000001300001
10000013000000000022222002200000100001000001000001
13000010000000000000000002203000100031000001000001
10000010000000000000000300000000100001000001000001
10000011111111111111111111111111100001000011000001
10000000300000000000000000000003000000000000030001
10000000000000000000030000000000000300000000000001
10000000000003000000000000000000000000030000000001
10000300000000003000000003000000000000000000000001
10001111000011000011111111000031111111111111000001
10201000000001000010300000000001000000000301003001
13201000030001000010000000000001000300022201000001
10201000000001003010022002200001000000322201000001
10001000000001000010022000000301000000022200000001
10001002202001000010022001000001000000000000000031
10001300000031000010022031000001000003000000000001
10001000000001000013022001000001000022022030000001
10001002220001020010000001000001300022000001000001
10301002223001020010000001000001000000000001000001
10001002220001320011111111000001000000000001000031
10001032220001020000030000300001000000000031000001
10001000000001000000022200222001000222302201000001
13001000000001000000022200000001000222002201000001
10001003000001022030000000000001300000002201000001
10001000003001022011100001110001000200003001000001
10001000000001022010000000310001000000000001000301
10301000000001030010000300010001000000000001000001
40001000000001000010000000010001000000000001000001
40001000000001000010000000010031000300030001000001
40001111111111000011111111110001111111111111000001
10000000030000000003000000030000000000000000000001
10000000000000000000000000000000000000000000000001
13000000000000030000000300000000300000300000030001
10000000000300000000000000000000000000000000000001
10000003000000000000000000030000000000000000000001
11111111111111111111111111111111111111111111111111
