11444411111111111111111111111111111111111111111111
10000000000003000000300000000000300000000003000001
10000000000000000000000000000000000000000000000001
10000003000000000000000003000000000000302222200031
10000000000022220030000000000000000000000000000001
10300000000000000000002000000000300000000000000001
10000011111111111111102000111111100001111111000001
10000010000003000000002000003000100001000001030001
10000010000000000000032000000000103001030001000001
10000010030000000300000000000000100001000001000001
10000010000000000000000000000000100001000001000001
13000010000000000000000000300000100001000001000001
10000010000000000000000002000000100301000001030001
10000010000300000030000000000030100001030001000001
10000010000000000022222002200000100001000001000001
10000013000000300022222002200000100001000001000031
10300010000000000000000302200000130001000001000001
10000010000000000000000000000300100001000001000001
10000011111111111111111111111111100001000311000001
10000000000003000000000000300000000000000000000001
10300000000000003000000000000000000000000000000001
10000000030000000000030000000000030000000000003001
10000300000000000000000000000300000000000000000001
10001111000011000011111111000001111111111111000001
10201000000001300010000003000001000000000001000001
10231000000001000010300000000001000003022201000001
10201000030001000010022002200001000000022231000031
10001000000001003010022000000001000000022200000001
10001002202001000010022001000301000000300000000001
13001000000001000010022301000001000000000300000301
10001000003001000010022001000001000022022000300001
10001302220001020010000001000001003022000001000001
10001002220001020010030001000001000000300001000031
10001002220001020311111111030001000000000301000001
10001002220001020000000000000001030000000001000001
10001000300001000000022200222001000222002201000001
10001000000031000000022200000001000222302201000001
10301000000001022000000000000001000000002201000001
10001000000001022311100301110001300200000001000001
10001003000001022010000000010001000000000301003001
10001000000001000010000000010001000003000001000001
40001000000001000010000000010001000000000001000001
40001000000001003010000000310001300000000001000001
40301111111111000011111111110001111111111111000001
10000030000000000000030000000000000000003000003001
10000000003000000000000000000000000000000000000001
10000000000000300000000003000000000300000000000001
10000000000000000000000000000000000000000000000001
13000003000000000003000000000030000000000300000031
11111111111111111111111111111111111111111111111111
