11444411111111111111111111111111111111111111111111
10000030000000030000000000000003000000000300000001
13000000003000000000003000000000000003000000000001
10000000000000000000000000000000000000002222200031
10000000300022220000000000300000300000000000000001
10000000000000000300002000000000000000030000000001
10000011111111111111102300111111100001111111000001
10000013000003000000002000000000100001000001003001
10000010000000000000002000000000100031000001000001
10030010000000003000000000000000100001000031000001
10000010000000000000300000000300100001000001000001
10000010030000000000000000000000100001000001000001
10000010000000000000000002000000100001000001000031
13000010000000000000000030000000100001000001000001
10000010000000300022222002200000130001030001000001
10000310003000000022222002200000100001000001030001
10000010000000000000000002203000100001000001000001
10000010000000000300030000000000100301000001000001
10000011111111111111111111111111100001000011000301
10000003000000000000000003000000000000000000000001
10000000000000000000000000000000000000030000000001
10000000000030000000000000000003000000000000000001
10000000000000003000300000003000003000000000000001
10301111000011000011111111000001111111111111030001
10201000000001000010000000000001000000003001000001
10201000300001000010003000030001030003022201000001
10201000000001000010022002200001000000022201000001
10001000000001000010022000000001000000022200000031
10001002202031000010022001000001000000000003000001
10001000000001000013022001000031000000000000000001
10001000300001000010022001000001003022022000000001
13001002220001020010000301000001000022000001003001
10001002220001020010000001000001000000000001000001
10001002223001020311111111030001000000300001000001
10031002220001020000000000000001000000000001000001
10001000000001000000022200222001000222002231000001
10001000000001000000022230000001300222002201000001
13001300000001022000000000000001000030002201000001
10001000000031022011130001110001000200000001000301
10001000000001022010000000010001000000000001000001
10001000000001000010000000010031000000000001000001
40001030000001300013000000010001000000030001000001
43001000003001000010000003010001000000000001000001
40001111111111000011111111110001111111111111000301
10000000000000000000000000000000300000003000000001
10000000000000000000000000030000000000000000000001
10000300030000000000030000000000000000000000000001
10000000000000030000000000000000000300030000000001
10000000000000000000000000003000000000000000300001
11111111111111111111111111111111111111111111111111
