11444411111111111111111111111111111111111111111111
10000000030000000000000000030000000000300000300001
10000000000000000000003000000000030000000000000001
10030000000000000000000000000000000000002222200001
10000000000022220030000000000000000000000000000301
10000000000000000000002000000000000000000000000001
10000011111111111111102030111111100031111111000001
10000013003000000000002000000003100001000031000001
13000010000000003000002000000000100001000001000001
10000010000000000000000000000000100001000001003001
10000010000000000000000000000000100001000001000001
10000013000000000000030000030000100001000001000001
10000010000000000000000002000000100031000301000001
13000010000000003000000000000000100001000001300001
10000010003000000022222002200000100001000001000001
10000310000000000022222002200000100001000001000301
10000010000000000000000302200030100001300001000001
10000010000000000000000000000000100001000001000001
10000011111111111111111111111111100301000011000001
10000003000000030000000000000000000000000000000031
10030000000030000000300003000000000000000030000001
10000000000000000000000000000000000003000000000001
10000000000000000000000000000000000000000000003001
13001111000011000011111111003001111111111111000001
10201000000001300010000300000001000000030001000001
10201003000001000010000000000001000300022201000001
10201000000301000010022002200001000000022231000001
10001000000001000010322300000001000000022200003001
10001002202001003010022001000001000000300000000001
10001000000001000010022001000001000000000000000001
10001000030001000010022301000001003022022030000001
10031002220001020013000001030001000022000001000001
10001002220001020010000001000001000000030001000031
10001002220001023011111111000001000000000001000001
10001002220001020000000000000031000300000001000001
10001000000001000000322200222001000222002201000001
10001000000031000000022203000001000222032201300001
10301000300001022300000000000001000000002201000031
10001000000001022011100001110001000200000001000001
10001000000001022010000000010001003000000001000001
10001003000001000010000030010301000000000001000001
40031000000001000013000000010001000000030001000001
40001000003001000010000000010001000000000001300001
40001111111111030011111111110001111111111111000001
10000000000000000000000000000000030000000000000001
10300000000000000000000000000000000000000300000301
10000000000000000003000000003000000000000000000001
10000000000300000000000000000000000030000000000001
10000003000000000300000300000000000000000000003001
11111111111111111111111111111111111111111111111111
