11444411111111111111111111111111111111111111111111
10000000000003000000030000030003000000000300000001
10300000000000000000000000000000000030000000000031
10000000000000000300000000000000000000002222200001
10000000030022220000000000000000000000030000300001
10000000000000000000002003000000000000000000000001
10000011111111111111102000111111130001111111000001
10000010000030000000002000000000100001000001000001
10030010000000000000002000000000100001030001300001
10000010300000000000003000003000100001000001000301
10000010000000000300000000000000100031000001000001
10000010000000000000000000000000100001000001000001
10000010000000000000000002000000130001000001003001
13000010003000000000000300000000100001300031000001
10000010000000300022222002203000100001000001000001
10000010000000000022222002200000100001000001000001
10000013000000000003000302200000100301000001000001
10000010000000000000000000000000100001000001000001
13000011111111111111111111111111100001000011030031
10000000000000000000000003000003000000000300000001
10000000000000000300000000000000000000000000000001
10000000003000000000000000000000000000000000000001
10003000000000000000000000000000000003000000000001
10001111000011000011111111003001111111111111003001
13201000000001000310000000000001000000000001000001
10201003000031000010000000000001000000022201000001
10201000000001000010022002200001000000322231000001
10001000000001000010022000000001003000022200000001
10001302202001000010022001000301000000000000000031
10001000030001000010022001000001000000000000000001
10301000000001000010322001000001030022022000000001
10001002220001020310000301000001000022003001000001
10001002220001020010000001000001000030000001000001
10001002220001020011111111000001000000000001300001
10001002220001020000000000000031000000000001000001
13001003000001000030022200222001000222002201000031
10001000000031000000022200030001030222002201000001
10001000000001022000000000000001000000002201000001
10001000000001022011130001110001000200000001000001
10031000000001022010000000010001000000300001300001
10001000000001000010000000010001000000000001000001
40001000003001003010000000010031000000000001000001
43001000000001000010000003010001000000000301000001
40001111111111000011111111110001111111111111000031
10000000000003000000300000003000000030000000000001
10000000000000000000000000000000000000000000000001
10000003000000000000000000000000000000000000000001
10000000000000000030000300000030000000000300000001
10300000000300000000000000000000000030000000000031
11111111111111111111111111111111111111111111111111
