11444411111111111111111111111111111111111111111111
10000000000000003000000000003000300000030000000031
10030000000000000000000300000000000000000003000001
10000000000000000000000000000000000300002222200001
10000003000022220000000000000000000000000000000001
10000000000030000003002003000000000000000000000001
10000011111111111111102000111111100001111111000001
10000310000000030000002000000003100001300001000001
13000010000000000000002000000000100001000001300031
10000010000030000000000000000000100301000001000001
10000010000000000000000000300000100001000001000001
10030010000000000000030000000000100001000301000001
10000010003000000300000002000003100001000001000001
10000010000000000000000000000000100001000001000001
10000310000000000022222032200000100301000001000001
10000010000000000022222002203000100001000001030001
10000010000000000003000002200000100001030001000001
10000010003000030000000000000000100001000001000001
10000011111111111111111111111111100001000011000031
13000000000000000000000000300000300000000000000001
10003000000000000000030000000000000000000300000001
10000000003000000000000000000000000000000000003001
13000003000000000000000000000300000000000000000001
10001111000011300011111111000001111111111111000001
10201000000001000010000000000001000000300001000001
10201000000001000010030000000001000000022201300001
10231000030001000010022002200001000000022201000031
10001000000001000010022000300001003000022200000001
10001002202001003010022001000001000000000000000001
10001000000001000010022001000301000000300000003001
10001003000001000010022001000001000022022000000001
10001002220031020010000001000001000022000031000001
10031002220001020010003001000001300000000001000001
10001002220001020011111111000001000000000001030001
10001002220001020000000000300301000000300001000001
10001030000001000300022200222001000222002201000001
10001000000001000000022200000001030222002201000001
10001000003001022000000000000031000000002201000031
10001000000001022011100031110001000200000001000001
10001000000001022010300000010001000000000001000001
10001000000001000010000000010301000000300001000001
40001003000001000010000000010001300000000001003001
40001000000001000010000300010001000000000001000001
40301111111111030011111111110001111111111111000001
10000000000000000000000000000000000000003000000001
10000000030000000000000000003000000000000000300001
10000000000000000030000000000000000000000000000001
10000000000000000000003000000000000030000000000001
10000030000003000000000003000000030000000000000001
11111111111111111111111111111111111111111111111111
