11444411111111111111111111111111111111111111111111
10000000000000030000000000000000000000003000000001
13000000000000000000000000000000000000000000003001
10000030000300000000003000030000300000002222200001
10000000000022220030000000000000000000000030000001
10000000000000000000002000000000000000000000003001
10003011111111111111102000111111100031111111000001
10000010000000000000002000000030100001000001000001
10000010300000000300002000000000100001003001003001
10000010000000000000000000000000130001000001000001
10000010000000000000000300000000100001000001000001
10030010000003000000000000030000100001000001000001
10000010000000000000000002000000100001000001000001
10000010000000000000300000000003100031000001000001
10000010030000000022222002200000100001000001000031
10000010000000000322222002230000100001000031000001
10000310000000000000003002200000100001000001000001
10000010000000000000000000000000130001000001003001
10000011111111111111111111111111100001000011000001
10000000000003000000000000000000000000000000000001
10000000000000000300000003000000000000003000000001
10030000000000000000030000000300030000000000000031
10000000030000000000000000000000000000000000000001
10001111000011000011111111000001111111111111000001
10201000000001003010000003000001000000000001000001
10201000000001000010000000000031000000022231003001
10201000300001000010022002200001000000022201000001
13001000000031000010022000000001000003022200000001
10001002202001000010022001000001000000000003000001
10001300000001000010022301003001000000000000000031
10001000000001000013022001000001000022022000000001
13001002223001020010000001000001300022000001300001
10001002220001023010000001000001000300000001000301
10001032220001020011111111300001000000000001000001
10001002220001020000000000000001000000000001000001
10001000000001000000022200222301000222002201003001
13001000000001000000022200000001000222002231000001
10001000000001022000000300000001003000002201000001
10001003000001022311100001110001000203000001000001
10001000000001022010000000010001000000000001000001
10001000000001000010000000010301000000000001000031
40001000003001030010000000010001000000000031000001
43001030000001000010300003010001000030000001000001
40001111111111000011111111110031111111111111000001
10000000000000003000000000000000000000000000000001
10000000003000000000000000000000000000000000003001
10000000000000000000300000000000000000000000000001
10003000000003000000000000000000300000000300000001
10000000000000000000000000030000000000000000000031
11111111111111111111111111111111111111111111111111
