11444411111111111111111111111111111111111111111111
10000300000000000000003000000000000000000030000001
10000000000000000300000000000000000000000000000301
10000000000300000000000000000000000000302222200001
10000000000022220000000000300003000000000000000001
10000003000000000000002000000000000000000000000001
10000011111111111111132000111111100001111111000001
13000010000000000000002000000000100001000001000001
10000010000000000300002000030000100031000001003001
10000010003003000000000000000003100001000001000001
10000310000000000000000300000000100001000001000001
10000010000000000000000000000000100001030001000031
10000010000000003000000002000000130001000001000001
10300010000000000000000000000300100001000001000001
10000010000000000022222302200000100001000001000001
10000010030000000322222002200000100001000001000301
10300010000000000000000002200000100301000001000001
10000010000000000000000000000030100001030001000001
10000011111111111111111111111111100001000011300001
10030030000000300003000030000000000000000000000001
10000000000000000000000000000000000000000000000001
10000000000000000000000000030000000030000300000031
10000000030000003000030000000000000000000000000001
10301111000011000011111111000031111111111111000001
10201000000001000010000000000001000000000031000001
10201000000001000010000300000001000000022201000001
10201000000031000010022002200001000000022201030001
10001030000001000010022000030001000000022200000001
10001002202001000310022001000001300030003000000001
10301000000001000010322001000001000000000003000001
10001000300001000010022001000301000022022000000001
10001002220031020010000001000001000022000001000031
10001302220001020010003001000001000000000001000001
10001002220001020011111111000001000030000031000001
10001002220001020000000000000001000000000001030001
13001000000001000000022200222001030222002201000001
10001000000001000030022200000001000222302201000001
10001000003001022000000000000001000000002201003001
10001300000001022011100001110031000200000001000001
10001000000001022010000030010001000000000301000001
10001000000001000010300000010001000030000001000001
40001000000001300010000000010001000000000001000001
40001000000001000010000000010001000000000001000001
40001111111111000011111111110001111111111111003001
10000030000000000000000000030000030000000000000001
10000000000000000000000000000000000000000000000001
10300000000000003000000000000000000003000300000031
10000000003000000000003000000000000000000000300001
10000000000003000000000000000030003000000000000001
11111111111111111111111111111111111111111111111111
