11444411111111111111111111111111111111111111111111
10000000000000000300000003000000000300000000000301
10000000000003000000000000000000000000000000000001
13000000000000000000000000000300000000002222200001
10000000030022220000000000000000000003000000300001
10000000000000000000032000000000030000000000000001
10000011111111111111102000111111100001111111000001
10000010000300000000002000000000100001000301000001
13000013000000000003002000003000100001000001000001
10000010000000300000000000000000100001000001030001
10000010000000000000000030000000130001000001000001
10003010000000000000000000000000100031000001000031
10000010000000000000000002000030100001000001000001
10000010000000000000030000000000100001000001030001
10000010000000000022222002200000100301003001000001
10000010003000000022222032200000100001000001000001
10000010000000030000000002230000100001000001000001
13000010000000000000300000000000103001000001030001
10000311111111111111111111111111100001003011000001
10000000000000000000000000000000000000000000000001
10000000000000000000000000000030000000000000000031
10000003000000000300000000000000000000000000000001
10000000000030000000030003000000030000000000000001
10001111000011000011111111000001111111111111000001
10201000000001000010000000000001000000300001003001
10231000000001000010000000000001000000022201000001
10201000300001000010022002200301003000022201000001
10001000000001030010322000000001000000022200000001
10001002202001000010022001000001000000000003000001
10001000300031000010022301000001000003000000000001
13001000000001000010022001000001000022022000000001
10001002220001020010000001000001003022000001003001
10001002220001020310000001003001000000030001000001
10001002220001020011111111000001000000000001000001
10301002223001020000000000000001000000000001000001
10001000000001000000022200222001000222002231000001
10001000000001000000022200000001000222302201000001
10001000000001022000000300000001000000002201000001
10001030000001022311100001110001300200000001003001
10001000000001022010000000013001000000000301000001
10001000000031000010000000010001000030000001000001
40001000000001000010000000010001000000000001000001
40301000000001000013000000010001000000000001000001
40001111111111000011111111113001111111111111300001
10000000000000003000000000000000000000300300000001
10000000300000000000000030000000300000000000000001
10000000000003000000300000000000000000000000000001
13000000000000000000000000030000000000000003000001
10000300003000000300000000000000030000000000000301
11111111111111111111111111111111111111111111111111
