11444411111111111111111111111111111111111111111111
10000000000000300000000000000003000000000000030001
10003000000000000000000000300000000000000000000001
10000000030000000000003000000000000000002222200001
10000000000022220000000000000000030000003000000001
10000000000030000000002000000000000000000000000031
10000011111111111111102000111111100001111111300001
10000010000000003000002000030000100001000001000001
10003010003000000000002000000003100001300001000001
10000010000000000000300000000000100001000001000001
10000010000000000000000000000000100001000001000001
10000010000000000000000000000000100001000301000001
13000310000000000000000002030000103001000001000001
10000010000030000003000000000000100001000001030001
10000010000000000022222302200000100001000001000001
10000010300000000022222002200003100001000001000001
10000010000000000000000002200000100031000001000031
13000010000000000300000000300000100001000001000001
10000011111111111111111111111111100001030011000001
10000000000300000000000000000000003000000003000001
10000000000000000000000000000030000000000000000001
10000300000000030000300000000000000000003000000001
10000000000000000000000000000000000000000000030001
10001111030011000011111111000001111111111111000031
10201000000001000310000300000001000000030001000001
10201000000001000010000000000001300000022201000001
13201300000001000010022002203001000030022201000001
10001000000001000010022000000001000000022200000001
10001002202031000010322001000001000000000300003001
10001003000001000010022001000001003000000000000001
10001000000001000010022001000001000022022000000001
10001002220001020310000031000001000022000001000031
10031002220001020010000001000001300000000001000001
10001002220301020011111111003001000000030001000001
10001002220001020000000000000001000000000001000001
10001000000001030000022200222001000222002201300001
10001030000001000000022200000001030222002201000001
10001000000001022030000000000001000000002201000001
10001000003001022011100001113001000203000001000001
10001000000001022010030000010001000000000001003001
10301000000001030010000000010001000000000001000001
40001000000001000010000000010001000000000301000001
40001030003001000010000000010001000300000001000001
40001111111111000011111111110031111111111111000001
10000000000000000000000000030000000000003000000031
10000000000000000030000300000000000000000000000001
10000000003000000000000000000000000003000000000001
10300000000000300000000000000000000000000003000001
10000030000000000000000000000030000000003000000301
11111111111111111111111111111111111111111111111111
