11444411111111111111111111111111111111111111111111
10030000000000000000000000030000000300000000000301
10000000000000000000000000000000000000000000000001
10000000300000000030000000000003000000002222200001
10000000000022220000000030000000000003000300000001
10000000000000000000002000000000000000000000030001
10000011111111111111102000111111100001111111000001
13000010000000000003002300000300100301000001000031
10000310000003000000002000000000100001000301000001
10000010000000000000000000000000100001000001000001
10000010000000000000000300000003100001000001000001
10000010000000030000000000000000100001000001000001
10000010300000000003000002000000100001000001300031
10000010000000000000000000000000100001030001000001
10030010000000300022222302230000100001000001000001
10000010000000000022222002200000100031000001000001
10000010000000000300000002200000100001000001000001
10000010000000000000000000000000130001000001000031
10000011111111111111111111111111100001000011030001
10000000000030003000000000003000000030003000000001
13000300000000000000000030000000000000000000000001
10000000030000000000300000000000000000000000000001
10000000000000000300000000000003000000000000300001
10001111000011000011111111000001111111111111000001
10201030003001000010000000000001000003000001000001
13201000000001000010000000000001000000022201000001
10201000000001000013022002200301000000022201000031
10001000000001030010022030000001000000022203000001
10001002202001000010022001000001000000000000000001
10001000030001000010022001000001000000000000000001
10001030000001000010022001000001030022022000000001
10001002220001020010000001003001000022000001000001
13001002220031020010300001000001000000000001030001
10001302220001020011111111000001000000030001000001
10001002220001020000000003000001000300000031000001
10001000000001030000022200222001000222002201000001
10031003000001000000022200000031000222002201000001
10001000000301022000000000000001000000002201000001
10001000000001022011100301110001000200000001000031
10301000000001322010000000010001000000000031000001
10001000000001000010000000010001000000000001000001
40001000000001000013000000010001000000300001000001
40001000000301000010000000310001300000000001300001
40001111111111030011111111110001111111111111000001
10030000000000000000000000000000000000000000000301
10000000000000000000000000000000000000000000000001
10000000000000000000300000000000000000003000000001
10000300030000000000000000000000000000000000000001
10000000000000300000000000030000000300000000000301
11111111111111111111111111111111111111111111111111
