11444411111111111111111111111111111111111111111111
10003000030000000003000000300030000000300000000001
10000000000000000000000000000000000000000030000001
10000000000000030000000000000000000000002222200001
10000000000022220000000003000000000300000000003001
10000000000300000000302000000003000000000000000001
13000011111111111111102000111111100001111111000001
10000010000000003000002000000000100001000301030001
10000310000000000000002000000000100001000001000001
10000010000000000000030000000000100001000001000001
10000010000000000000000030030000100001000001000001
10000010300000000000000000000000100001000001000301
13000010000003000300000002000003100001000001000001
10000010000000000000300000000000100301000301000001
10000010000000000022222002200000100001000001000001
10000010000000000022222032200000100001000001300001
10030010003000000000000002200000100001000001000031
10000010000000003000000000000300100001000001000001
10000011111111111111111111111111100301003011000001
10000000000000000000000000000000000000000000000001
10000000000000000000000030000000000000000000300001
10000000000300000000000000000000000000300000000001
10003000000000300000000000000003000000000000000301
10001111000011000011111111003001111111111111000001
10201000000001000310000000000001000000000001000001
10201000000001000010000300000001000000022201000001
13201300000001000010022002230001030000022201000001
10001000003001000013022000000001000003022200300001
10001002202001000010022001000001000000000000000001
10001000000001000010022001000001000000000300000001
10001000000001030010022001000031000022022000000001
10001302220001020010300001300001000022000001000301
10001002223001020010000001000001003000000001000001
10001002220001020011111111000001000000000031000001
10001002220001020000000300000001000000000001000001
10001000000001000000022200222001000222002201003001
13001000000001000300022200030001000222002201000001
10001000000001022000000000000001000030002201000001
10001000000001022011100001110001300200000001000001
10001000003001022010000000010001000000003001300001
10001000000001000010000030010001000000000001000001
40301003000001000010300000010001000000000001000001
40001000000001000010000000013001003000000001000031
40001111111111000011111111110001111111111111000001
10000000030000003000000003000000000000000030000001
10000000000000000000000000000000000000000000000001
10000000000000000000000000000003000300000000000001
10030000000030000000000000003000000000000000000001
10000000030000000003000030000000000000003000000301
11111111111111111111111111111111111111111111111111
