11444411111111111111111111111111111111111111111111
13000000030000000000000000000000003000000030000001
10000000000000000000000000000003000000000000000001
10000300000000300000300000030000000000002222230001
10000000000022220000000000000000000000000000000001
10000000000000000000002030000000000030000000000001
10000011111111111111102000111111100001111111000001
10000010030000000000002000000000100001000001000001
13000010000000030000002000000000103001030001000031
10000010000000000000000000000000100001000001000001
10000010000000000000000000000300100001000001000001
10000010030000000000003000000000100001000001030001
10003010000000000000000002000000100031000001000001
10000010000000000000000000030000100001000301000001
10000010000000003022222002200000100001000001000001
10000013003000000022222002200030100001000001000001
10000010000000000000030002200000100001000001000031
10000010000000000000000000300000100001000001000001
10000011111111111111111111111111100001000011000001
10000000000000000000000300000000000003000003000001
10300030003000300000000000000000000000000000000001
10000000000000000000000000000000000000000000000031
10000000000000000030000000000003000000000000000001
10001111003011000011111111000001111111111111000001
10231000000001300010003000300001000000030001000301
10201000000001000010000000000001000000022201000001
10201000000001000010022002200001000000022201000001
10001000000001000010022000000001003000022203000001
10301002202301000010322001000001000000000000000001
10001000000001000010022001000001000000000000000001
10001030000001000010022031000031000022022000000031
10031002220001020310000001000001003022000031000001
10001002220031020010000001000001000000000001000001
10001002220001020011111111003001000003000001000001
10031002220001020000030000000001300000000001000001
10001000000001000000022200222001000222002201000001
10001000030001300000022230000001000222002201003001
10001000000001022030000000000001000030002231000001
10001300000001022011100001110001000200000001000001
10001000000001022010003000010001000000030001000001
10001000000001000010000000010031000000000001000001
40001030000301000310000000010001000300000001000001
40001000000001000010000000010001000000000001003001
43001111111111000011111111110001111111111111000001
10000300000000000000000000003000000000000000000001
10000000000000000000300030000000000003000000000031
10000000000000030000000000000000000000000000300001
10000000000000000000000000000000003000003000000001
10300000300000000000000003000030000000000000000001
11111111111111111111111111111111111111111111111111
