11444411111111111111111111111111111111111111111111
13000000300000000000000000000000003000000000000001
10000000000030030030000000300000000000000000000001
10000000000000000000000000000000000000002222200001
10003000000022220000000000000003000000030000003001
10000000000000000000002000000000000000000000000001
10000011111111111111102000111111100001111111000001
10000010030000030000032000000000100031000001000001
10000010000000000000002000030000100001000001000001
10000310000000000030000000000000100001000001030001
10000010000000000000000000000000130001030001000001
10000010000003000000000300000000100001000001000001
13000010000000000000000002000000100001000001000001
10000010030000000300000000000000100031000301000001
10000010000000000022222002203000100001000001000001
10000010000030000022222002200000100001000001000301
10000010000000000000000032200000100001000001000001
10000010000000000003000000000030100031000031000001
10030011111111111111111111111111100001000011000001
10000000030000000000000000000000000000000000000001
10000000000000030000300000000000000000000000000001
10000000000000000000000030000000000000000000000001
10000000000000000000000000000003000000000300030001
10031111000011000011111111000001111111111111000001
10201000000001300010000000000001000003000001000001
10201000003001000010000000000001000000022201000001
10201030000001000010022002203001000000022201000301
13001000000001003010322000000001000300022203000001
10001002202001000010022001000001000000000000000001
10001000000001000010022001000001000000030000000001
10001000030001000010022001003001030022022000000001
10001002220001020010030001000001000022000001003001
10001302220001020010000001000001300003000001000001
13001002220001020011111111000001000000000001000001
10001002220031023000000000000001000000000301000001
10001000300001000000022200222001300222002201000301
10001000000001000003022200030001000222002201000001
10001000000001022000000000000001000000002201000001
10001000000001022011100001110001000200000031000001
10001000000001322010000300010001000000000001000031
10031003000001000013000000010001000003000001000001
40001000000001000010000000010001000000000001000001
40001000000301000010000000010001003000000001030001
43001111111111003011111111113001111111111111000001
10000000000000000000003000000000000000000300000001
10000300000000000000000000000000000000000000000301
10030000030000000000000000000000030000000000000001
10000000000000003000000000000000000000000000000001
10300000000000000000000003000000000000030000030001
11111111111111111111111111111111111111111111111111
