11111111111111111111111111111111111111111111111111111111111111111111111111111111111111111111111111111111111111111111111111111114444411111111111111111111111111111111111111111111111111111111111111111111
10000000000000000000000000000000000000000000030000000000000000000000003000000000000000000000000000000000000000000000000000000000000000000000000000000000000000000000000000000000000000000000000000300001
10000000030000000000300000000000000000000002220000000000000000000000000000000000000000000000000003002202002222220000000000300000000000000000000000000000000000000000300000000300000000000000300000000001
10000000000000000000000000030000000000000002220000000000000000000000000000000000000000000000000000002202002222223000000000000000000000000000000000000000000000000000000000000000000000000000000000000001
10000000000000000000000000000000000000000000000000000000000000000000000000030000000000000000000000000000002222220000000000000000000000000000003220000000000000000000000000000220000000300000000000000001
10000000000000000000000000000000000000000000000000000000000000000000000000000000000000000000000000000000000000000000000000000000000000000000000220000000000000000000000000000220000000000000000000000001
10000011111111111111111111111111111111111111111111111111111110000110000000000000000111111111111111111111111111111111111111111111000000000000000220000000300000000000000000000220000000000000000000000001
10000010000000000000000000000000003000000000000000000300000000000010000000000000000103000000000000000000003000000000000000000001000000000000000000000000000000000220200000000220000000000000000000000001
13000010000000000000000000000000000000000000000000000000000000000010000000000000000100000000000000000000000000000000000000000001000003000000000000000000000000000220000000000220000000202200220000000001
10000010000011111111111111111111111111111111000011110000000000000010000000000000000100000000000000000000000000000000000000000001000000000000000222200000000000000220000000000000000000000000220022220001
10000010003010000000000000000000000000000000000000010000000003000010000000000000000100000000000000000000000000000000000300000001000000000000000222200000000000000000000003000000000000000030220022220001
10000010000010000000000030000000000000000030000000010000000000000010000000000000000100000000000000000000000000000000000000000001000000000000000222200000000000003000000000000000000000000000220000000001
10000010000010000000000000000000000000000000000000010000000000000010000002222200000100000000000000000000000000000000000000000001000000000222000222200000000000000222000000000000000000000000220000000031
10000010000010000000000000000000000000000000000000010000000000000010000000000000000100000000000003000002222000300000000000000001000000000222000000000000000000000222000000000000000000000000000000000001
10000010000010000000000000000000000000000000000000010000000000000010000030000000000100000000000000000000000000000000000000000001000000000000000000000000000000000222000000000000000000000000000000000001
10000010000010000000000000000000000000000000000000010000000000000010000000000000000100000000000000000000000000000000000000000001000000000300000000000000020200000222000000000000000000000000000000000001
10000010000010000000000000000000003000000000000000010000000000000010000000000000000100000000000000000000000000000000000000000001000000000000000000000030020000000000000000000000000000000002000000000001
10000010000010000000000000000000000000000000000000010000000000000310000000000000003100000000000000000000000000000000030200000001000000000000000000000000000000000000000000000000000000000002000000000001
10000010000010000000000000000000000000000000000000010030000000000010000000000000000100000300000000000000000000000000000000000001000000000000000000000000000000000000000000000000000000000002000000000001
10000010000010000000000000000000000000000030000000010000000000000010000000000000000000000000000022220000000000000000000220000001000000000000000000000000022220000000000000000000000000000302000000000001
10000010000010000000000000000000000000000000000000010000000000000010000000000000000000000000200022220000000000000000000000000001000000000000000000000000022220000000000000000000000000000002000000000001
10000010000010300000000000300000000000000000000000010000000000000010000000000000000000000000200022220000000000000000000000000001000000000000000000000000022220000000000000030000030000000000000000000001
10003010000010000000000000000000000000000000000000010000000000000010000000000000000000000000200000000000030000000000000222000000030000000000030000000000000000000002222200000000000000000000000000000001
10000010000010000000000000000000000000000000000000010000000000000010000000000000000100000000230000000000000000000000000222000000000000000000000000000000000000003000000000000000000000000000000000000001
10000010000010000000000000000000000000000000000000010000030000000010000000003000000100000000200022022000000022222000000222300000000000000000000000000000000000000000000000000000000000000000000000000001
10000010000010000000300000000000000000000000000000010000000000000010000000000000000100000000000022022000000022222000000222000000000000000000000000000000002220000000000000000000000000000000000000000031
10000010000010000000000000000000000300000000000000010000000000000010000000000000000100000000000022000000000000000000000000000001000000000000000000000000002220000000000000000000000022022002222000000001
10000010000010000000000000000222200222020000000000010000000000030010000000000000000100000000000000000000000000000000000000000001000000000000000000000000000000000000000000000000000022022002222000000001
10000010030010000000000000000222200222000000000000010000000000000010000000000000000100000000000000000000000000000000000000000001000000000003000000222000000000000000000000000000000000022002222000000001
10000010000010000000000000000222200000000000000000010000000000000010000000000000000100000000000000000000000000000030000000000001000000000000000000000000002222220000000000000000000000000000000000000001
10000010000010000000000000000000000000000000000000010000000000000010000000000000000100000000000000000000000222200000000000000001000000000000000000000000002222220000000000030000000000000000300000000001
10000010000010000000000000000000000000000000000300010000000000000010000000000000000100000000000000000000000000000000000000000301000000000000000000000000000000000000000000000000000000000000000000000001
10000010000010000020220000000002222220000000000000010000000000000010000000000003000100000000000000000000000000000000000000000001000002222220000000000000000000000000000000000000000000000000000000000001
10000010000010000020220000000002222220000000000000010000000000000010000000000000000100300000000000000000000000000000000000000001000032222220000000000000222220000000000000000000000300000222222200000001
10000010000010000000000000000000000000000000000000010000000000000010000003000000000111111111111111111111111111111111111111111111000000000000000003000000222220000000000000000222220000000000000000000301
10000010000010300000000000000030000000000000000000010000000000000010000000000000000000000000000000000000003000000000000000000000000000000000000000000000003000000000000000000222220000000000000000000001
10000010000010000022222200000002202000000000000000010000000000000010000000000000000000000000000000000000000000000000000000000000000002200000000000000000000000000000000000000000000000000000000000000001
10000010000010000022222200000002200000003000000000010000000000000010000000000000000000000000000000000000000000000000000000000000000002200000000000000000000000000000000000000000000000000000000000000001
10000010000010000022222200000002200000000000000000010000000030000010000000000000000000222200222022000000000000000000000000000000000002200000000000000000000000000000300000000000000000000000000000000001
13000010000010000022222200000000000000000000000000010000000000000010000000000000000000222200222022000000000000000000000000000000000000000000000000000000000111111111111111111111111111111110000111000001
10000010000010000000000000000000000000000000000000010000000000000010000000000000000000000000000000030000000000000000000000000000000002000000003000000000000100000000000000000000000000000000000001000001
10000010000010000003000000000000000000000000000000010000000000000010000000003000000000000000000000000000000000000000000000000000000000000000000000000000000100000000000000000000000000000000000001000001
10000010000010000000022200000000000000000000000000010000000000000010000000000000000000000000000000000000000003000000003000000000000000000000000000022002200100000000000000000000000000000000000001000001
10000010000010000000022200000000000000000000000003010000000000000010000000000001111111111111111111111111111111111111000000000000000300000000000000000002200100000000000000000000000000000000000001000001
10000010000010000000000000000000000000000000000000010000000000000010030000000001000000000000000000000000000000000001000000000000000000000000000000000002200100000000000000000000000000000000000001000001
10000010000010000000000000000000300000000000000000010000000000000010000000000001000000000000000000022002220000000001000000000000000222222200000000000030000100000000000000000020000000000000030001003001
10000010000010000000022000000000000000000000000000010000000000000010000000000001000000000000000000022002220000000001000000000000000222222200000000000000000100000000000000000020000000300000000001000001
13000010000010000000022000000000000000000000000000010000000002000010000000000001030000000000000000022002220000000031000000000000000000000000000000000000000100000000000000000020000000000000000001000001
10000010000010000000022000000000000000000000000000010000000002000010000000000001000000000000000000000002220000000001000000000000000000000000000000000000000100000000000000000020000000000000000001000001
10000010000010003000000000000000022002222030000000010000000002000010000000000001000000000000000000020000000000000001000000000000000000000000000000000000000100000000000000000000000000000000000001000001
10000010000010000000000000000000000002222000000000010000000000000010000000000001000000000000000000000000000000000001000000000000000000000000000000000000000100000000000000000000000000000000000001000001
10000010000010000000000000000200020002222000000000010000000000003010000000000001000000000000000000300000000000000001000000000000000000000000000000000000030100000003000000000030000000000000000001000001
10000010000010000000000000000200000000000000000000010000000000000010000000000001000000000000000000000000000000000001000000000030000000000000000000000000000100000000000000000000000000000000000001000001
10000010000011111111111111113200111111111111111111110000000000000010000000000001000000000000000000000000000300000001000000000000000000000000300000000000000100000000000000000000000000000000000001000001
10000010000000000000300000000200000000000000000000000002030000000010000000000000000000000000000000000000000000000001000000000000000000000000000000000000000100000000000000000000000000000000000031000001
10000010000000000000000000000200000000000000000030000000000000000010000000000000000000000000000000000000000000000001000000000000000000000000000000000000000100000000000000000000000003000000000001000004
10000010000000000000000000000200000000000000000002222002000000000010000000000000000003000000000000000000000000000001000000000000000000000000000000000000000100000000000000000000000000000000000001000004
10000010000300000000000000000200000000000000000002222002000000000010000000000000000000000000000000000000000000000001000000000000000000000000000000000003000100000000003000000000000000000000000001000004
10030010000000000022200222000000000000000000000000000000000000000010000000000000000000000000000000000000000000000301000000000000000000000000000000220200000100300000000000000000000000000000000001000004
10000010000000000022200222000000000000000000000000000000000000000010000000000001000000000000000000000000000000000000000000000300000000000000000000000000000100000000000000000000000000000000000001000001
10000010000000000022200000000000000000000000000000000000000000003010000000000001000000000000000000000000000000000000000000000000000000000000000000000000000100000000000000000000000000000000000001000001
10000010000000000022200220000000300202200000000000000000000000000010000000000001000000000030000000000000000000000000000000000000000000000000000000222200000100000000000000000000000000000000000001000001
10000010000000000000000220000000000202200000022222002202200000000010000000000301000000000000000000000000000000000000000000000000000000000000000000222200000100000000000000030000000000000000000001000301
10000010000000000000000000000000000000000000022222000002200000000010000000000001000000000000000000000000000000000001000000000000000000300000000000222200000100000000000000000000000000000000000001000001
10000010000000000000223200000000000000000000000000000000000000000010000000000001000000000000000000000000000000000001000000000000000000000000000000000000000100000000000000000000000000000000000001000001
10000010000000000000000000000000000222200000000000000000000000000010000000000001000000000000000000000000000000030001000000000000000000000000000030000000000100003000000000000000000000000000000001000001
10000010002002222200000000000000000222200000000000000000000000000010000000000001000000000000000000300000000000000001000000000000000000000000000000000000000100000000020220000000030000000000003001000001
10000010002002222200220000000000000222200000300000000000222220000010000000000001000000000000000000000000000000000001000000000000000000000000000000000000000100000000020220000000000000000000000001000001
10000010000002222200220000000000000000000000000000003000222220000010000000000001000000000000000000000000000000000001000000000000000000000000000000000000000000000000000000000000000000000000000001000001
10000010002202222200220000000002220022222000002220000000000000000010000000000001000000000000000000000000000000000001000000000000000000000000000000000300000000000000000030000000000000030000000001000001
10000310002200000000220000000002220022222000002220000000000000220010000000000001000000000000000000000000000000000001000000002200000000000000000000000000000000000000022222000000000000000000000001000001
10002010000000000000000000000000000022222000002220000000000000220010000000000001111111111111111111111111111111111111000000002200000000000000000000000000000000000000022222000000000000000000000001000001
10002010000000000000000300000002200030000000002220000000000000220010000000000000000300000000000000000000000000000000000000302200000000000000000000000000000000000000022222000000000000000000000001000001
10002000000000300000000000000002200000000000002220000000000000220010000000000000000000000000000000000000030000000000000000002200000000000000000000000000000100000000000000000000000000000000003001000001
10000000000000000000000000000000000000000000000000000000000000220013000000000000000000000000000000000000000000000000000000002200000030000000000000000000000100000000000000000000000000000000000001000001
10000000000000000000000000000000000000000000000000000000000000220010000000000000000000000000003000000000000000000000000000000000000000000000000000000000000100000000000000000000000000000000000001000001
10000000000000000000000000000000000000000000002020300000000000220010000000000000000000000000000000000000000000000300000000000000000000000000000000000000000130000000000000000000000000000000000001000001
10000000000000000000000000022200000000000000002000000000000300000010022222000000000000000000000220200000000000000000000000000000000000000000000000000000000100000000000000000300000000000000000001000001
10000010000000000000000000000000000000000000000000000000000000000010000000000000000000000000000220200000000000000000000000000000000000000000000000000000000100000000000000000000000000000000000001000001
10000011111111111111111111111111111111111111111111111111111111111110000000000000000000000000000000000000000000000000000000000000000000000000000300000000000111111111111111111111111111111111111111000001
10000000000000000000000000000000000000000000000000000000000000000000000000000222220000000000000000000000000000000000000000000000000000000000000000000000000000000000000000000000000000000000000000000001
10000000000000000000000000000000300000000300000000000000000000000000000000000222220000000000000000000000000000000000000000000000000000000000000000000000000000000000000000000000000000000000000000000001
10000000000000000000000000000000000000000000000000000000000000000000000030000000000000000000000000000000000000000000000000000000030000000000000000000000000000000000000000000000000000000000000000000001
10000030000003000000000000000000000000000000000000000000000000000000000000000000000003000000000000000000030000000000000000000000000000000000000000000000000000000000000000000000000000000000030000000001
40000011111111111111111111111111111111111111110000011111111111111110000111111111111111111111110000001111111111111111111111111111000011111111111111111111111111111111100000111111111111111111111111000001
40000010000000000000000000000000000000000000000000000000000000000010000100000000000000000000000000000000000000000000003000000001000010000000000000000000000000000000000000000000003000000000000001000001
40000010000000000030000000300000000000000000000000000000000000000010000100000222200000000000030000000000000000000000000000000001000010000000000000000000000000000000000000000000000000000000000001000001
40000010000000000000011111111111111111111111111111000000000000003010000100000222200000000000000000000000000000000000000000000001000010000300000000000000000000000000000030000000000000003000000001003001
40000010000000000000010000000000000000000000000031000000000000002010000100000000000000000000000000222200000000000000000000000001000010000000000000000000000000000000000000000000000000000000000001000001
10000010000002222002010000000000000000000000000001000000000000002010000100000000000000000000000000222200000000000000000000000001000010000000000000000000000000300000111111000011111111111111110001000001
10000010000002222002010000000000000000000000000001000000000000002010000100000000000000000000000000222200000000000000000000003001000010000000000000000000000000000000100000000000000000000000010001000001
10000010000002222000010000000000300000000000000001000000300000002010000100000000000000000000000000222200003000000000000000000001000010000000000000000000000000000000100000000000000000000000010001000001
10000010000002222000010000000000000000000000000001000000000000000010000100000000000000000000000000000000000000000000000000000001000010000000000000000000000000000000100000000000222002200000010001000001
10003010000002222000010000000000000000000000000001000000000000000010003100000003000000000300000000000002200000000000000000000001000010002220000000000000000000000000100000000000222002200000010001000001
10000010000000000000010000000000000000000000000001000000000000000010000100000000000000000000000000000002200000000000000000000001000010000000000000000000000000000000100000000000222002200000010001000001
10000010000030000000010000000000000000000000003001000000000003000010000100000000000000000002222002022002200000000000000000000001003010000000000000000000000000000000100000000000222000000000310001000001
10000010000000000000010000222222002220200000000000000000000000000010000100000000000000000002222002022002200000000000000000000001000010000000000000030000000000000000103000000000300002200000010001000001
10000010000000000000010000222222002220000000000000000000000000000010000100000000000000000002222000000002200000003000000000000001000010000000000000000000000000000000100000000000000002200000010001000301
10000010000000000000010000222222000000000000000000000000000000000010000100000000000000000002222000000002200000000000000000000001000010000000000000000000000000000000100000000000000000000000010001000001
10000010000000000000010000000000000000000000000000000000000000000010000100000000000000000000000000003002200000000000000000000001000010000000000000000000000000000000100000000000000000000000010001000001
10000010000000000000010000000000000000000000000000000000300000000010000100000000000000000000000000000000000000000000000000003001000010000000000000000000000003000000100000000000000000000000010001000001
10000010000000000000010000000000030000000000000001000000000000000010000100000000000000000000000000000000000000000000000000000001000010000000000000000000000000000000100000000000000000000000010001000001
10000010000000000003010000000000000000000000000001000000000000000010000100000000000002230000000000000000000000000000000000000001000010000000000000000000000000000000100000000000000000000000010001000001
10000010000000000000010000000000000000000000000001000000000000000010000100300000000002200000000000000000000000000000000000000001000010000000000000000000000000000000100000000000000000000000010001000001
10000010000000000000010000000000000002000222220001000000000000000010000100000000000002200000000000000000000000000000000000000001000010000000000000000000000000000000100000000000030000000000010001000001
10000010000000000000010000000000000002000222220001000000000000000010000100000000000002200000000000000000000000000000000000000001000010000000000000300000000000000000100000000000000000000000010301000001
10030010000000000000010000000000000002000000000001300000000003000010000100000000000002200000000000000000000000000000000000000001000010000000000000000000000000000000100000000000000000000000010001000001
10000010000000000000010000000000000000000000000001000000000000000010000100000022200000000000000000000000000000000000000000000001300010003000000000000000000000000000100000000000000000000000010001000001
10000010000000000000010000000000000000000000000001022022000000000010000100000022200000000000000000002222200000000030000000000001000010000000000000000000000000000000130000000000000000000000010001000001
10000010000000000000000000000000000000000000000001022022000000000010000100000022200000300000000000000000000000000000000000000001000010000000000000000000000000000000100000000000000000300000010001000001
10000010000030000000000000000000000000000000000001000022000000000010000100000022200000000000000300000000000300000000000000000001000010000000000000000000000000000000100000000000000000000000010001000001
10000010000000000000000000000000300000000000000001000000000000000010000100000022200000000000000000000000000220022220000000000001000010000000000000000000000000000000100000000003000000000000010001000001
10000010000000000000000000000000000000000000000001000000000000000010000100000003000000000000000000000000000220022220000000000001000010000000000000000000000000000000100000000000000000000000010001000001
10030010000000000000000000000000000000000300000001000022000000000010000100000000000000000000000000000000000220022220000000000001000010000000000000000000000000000000100000000000000000000000010001000001
10000010022200222200010300000000000000000000000001000022000000000010000100022022000000000000000000000000000000000000002020000031000010000000000000000000000000022220100000000000000000000000010001003001
10000010022200222200010000000000000000000000000001000022000000000010000100022000000000000000000000000000000000000000002000000001000010000000000003000000000000022220100000000000000000000000010001000001
10000010000000222200010000000000000000000000000001000003000000000013000100000000000000000000000000000000000000000000300000000001000010000000000220022200000300022220100000000000000000000000010001000001
10000010022000000000010000000000000000000000000001000000000000000010000100000000000000000000000000000000000000000000000000000001000010000000000220022200000000022220100000000000000000000000010001000001
10000010022000000000010000000000000000000000000001000000000000000010000100000000000000000300000000300000000000000000002222000001000010000000000220022200000000022220100000000000000000000000010001000001
10000010000000000000010000000000000000000000000001000022200000000010000100000000000000000000000000000000000000000000002222000001000010000000000000000000000222000000100300000000000000000000010001000001
10000010000000000000010223000003000000000000000001000000000000000010000100000000000000000000000000000000000000000000002222000001000010000000000220000000000222000000100000000000000000000000010001000001
10000010000000030000010220000000000000000000000001000000000000000010000100000000000000000000000000000000000000300000002222000001000013000000000220000000000000020000100000000000000000000000010001000001
10000010000000000000010220000000000000000000000001000000000000000010000100000003000000000000000000000000000000000000000000000001000010000000000000000000000000020000100000000000000000030000010001000001
10000010000000000000010000000000000000000000000001000000000000000010000100000000000000000000000000000000000000000000000000030001000010000000300002000000000000000000100000000000000000000000010001000001
10000010000000000000010000000000000000000022222001000300000000030010000100000000000003000000000000000000000000000000000000000001000010022222000002000000000000000000100000000300000000000200010031000001
10000010000000000000010222222000000000000022222001000000000000000010000100000000111000001111111111111111111111111111100000000001000010022222000002000000000000000000100000000000000000000200010001000001
10000010300000000000010222222000000300000000000001000000000000000010000100000000100000000000000000000030000000000000100000000001000010000000000002000000000030000000100000000000000000000200010001000001
10000010000000000000010222222000000000000000000001000000000000000010000100000000100000000000000000000000000000000000100000000001000010000000000000000000000000000000100000000000000000000200010001000001
10000010000000000000010222222300000000000000000001000000000000000010000100000000100000000000000000000000000000000000100000000001000010000000000000000000000000000000100000000000000000000000010001000001
10000010000000020000010000000000000000000000300001000000000000000010030100000000100000000000000000000000000000000000100000000001000010000000000000000000000000000000100000000000000000000000010001000001
10000010000000020000010000000000000000000000000001000000000000000010000100000000100000000000000000000000000000000000100000000001000010000000000000000000000000000000100000000000000000000000010001000001
10000010000000020000011111111111111111111111111111000000003000000010000100000000100000000000000000000000000000000000100000000301000010011111110000011111111111111000100000000000000000000000010001000001
10000010000000020000000000000000000000000000000000000000000000000010000100003000100000000222200000000000000000000000100000000001000013010000000003000000000000001000100000000000000000000000010001000001
10000310000030000030000000000000000000000000000000000000000000000010000100000000100000000000030000000000000003000000100000000001000010010000000000000000000000001000100000000000000000003000010001000001
10000010000000000000000000000000000000000000000000000000000000000010000100000000100000000000000000000000000000000000100000000001000010010000000000000000222200001000100000000003000000000000010001000001
10000010000000000000000000000000000000000000000000000000000000000010000100000000100000000000000000000000000000000000100000000001000010010000000000000000222200001000100000000000000000000000010001000001
10000010000000000000000000000000000000000030000000000000000000000010000100000000100000020000000000000000000000000000100000000001000010010000000000000000222200031000100000000000000000000000013001000001
10000010000000011111110000011111111111111111111110000000000000000010000100000000100000020000000000000000000000000000100000000001000010010000000000000000222200001000111111100000111111111111110001000001
10000010000000010000000030000000000000000000000010000000000000000010000130000000100000020000000000000000000000000000100000000001000010010000000000000000222200001000000000000000000000000000000001000001
10000010000000010000000000000000000000000000000010000220022202200010000100000000100000020000000000000000000000000000100000000001000010010000000000000000000000001000000000000000000000000000000001000001
10000010000000010000000000000000000000000000000010000220022202200010000100000000100000020000000000000000000000000000100000000001000010010000000000000000030000001000000000000000000002022200000001000001
13000010000000010000000000000000000000000000000010000220000000000010000100000000103000000000000000000300000000000000100000000001000013010000000000000000200000001000000000000000000000022200000001000001
10000010000000010002220020200000000000000000000010000220000000000010000100000000100000000000000000000000000000000000100000000001000010010000000000000000200000001000000000000000000000000000000001000301
10000010000000010002220020000000000003000000000010000220000000000013000100000000100000000000000000022020022200000000100000000000000010010000000000000000000000001000000000000000000000300000000001000001
10000010000000010002220000000000000000000000000010000000000000000010000100000000100000000000000000022020022200003000100000003000000010010000000000003000000000001000000030000000000000022000000001000001
10000010000003010002220000000000000000000000000010000000000000000010000100000000100000000000000000000000022200000000100020220000000010010000000000000000000000001000000000000000000000022000000001000001
10000010000000010002220000000000000000000000000010000030000000000010000100000000100000000000000000000000000000000000100020220001000010010000000000000000000000001000222220000000000000022000000000000001
10000010000000010002220000000000000000000000030010000000000000000010000100300000100000000000000000000000000000000000100000000001000010010000000000000000000003001000000000000000000000000000030000000001
10000010000000010000000000000000000000000000000010000000000000000010000100000000000000000000030000000000000000000000100030000001000010000000000000000000000000001000000000000000000000000000000000000001
10000010000000010000000000030000000000000000000010000000000000000010000100000000000000000000000000202002222220000000100022222201000010000000000000000000000000001000000000000000000000000000000001000001
10000010000000010000000000000000000000000000000010000000000000000010000100000000000000000000000000002002222220000000100022222201000010000000000000000000000000001000000000000000000000000000000001000001
10000010000000010000000000000000000000000000000010000000000000000010000100000000100000000000000000000000000000000000100022222201000010010000000000000000000000001000000000000003000000000000000001000001
10000010000000010000000000000000000000000000000010000000000000000010000102220000100000000000000000000000000000000000100000000001000010010000000000000000000000001000000000000000000000000000000001000001
10000010000000010000000000000000000000030000000010000000000000000010000002220000100000000000000000000000003000000000100000000001000000010000300000000000000000000000000000000000000000000000000001000301
10000010000000010000000000000000000000000000000010000000000000000010000002220000100000000000000000300000000000000000100000000001000300010000000000000000000000000000000000000000000000222002222001000001
13000010000000010000000000000000000000000000000010000000000000000010003000000000100000000000000000000000000000000000100030000001000000010000000000000000000000000000000000000000000000222002222001000001
10000010000000013000000000000000000000000000000010030000000002000010000100000000100000000000000000000000000000000000100000000001000010010000000000000000000003001000000000000000000000000000000001000001
10000010000000010000000000000000000000000000000010000000000002000010000102000000100022222200220000000000000000000000100000000001000010010000000000000000000000001000000300000000000000000000000001000001
10000010000000010000000000000000000000000000000010000000000002300000000102000000100022222200220000000000000000000000100000000001000010010000000000000000000000001000000000000000000000000300000001000001
10000010000000010000000000000000000000000000000010000000000002000000000100000300100000000000220000000000000000000000000000000001000010010000000000000023000000001000000000000000000000000000000001000001
10000010000000010000000000000000000000000000000010000000000002000000000100000000100000000000000000000000000000000000000000000001000010010000030000000020000000001000000000000000000000000000000001000001
10000010000000010000000000000030000000000000000010002222200000000010000100000000100000000000030000000000000000000000000000000031000010010000000000000020000000001000000000000000300000000000000001000001
10000010000000010000000000000000000000000000000010002222200000000010003100000000100000000000000000000000000000000000100000000001000010010000000000000020000000001000000000000000000000000000000001000001
10000010000000010000000000000222222200000300000010002222200000000010000100000000100000000000000000000000000000000000100000000001000010010000000000000000000000001300000000000000000000000000000001000001
10000010000300010000000000000000000000000000000010002222200000000010000100000000100000000000000000000000000000000000100000000001000010010000000000000000000000001000000000000000000000000000000001000001
10000010000000010000003000000000000000000000000010000000000000000010000100000000100003000000000000000000000000000000100000000001000010010000000000000000000000001000000000000000000000000000000001300001
10000010000000010000000000000000000000000000000010000300000000000010000100000000100000000000000000222000000000000030100000000001000013010000000000000000000000001000000002000000000000000030000001000001
10003010000000010000000000000000000000000000000010002220000000000010000100000000100000000000000000222000000000000000100000000001000010010000000000000000300000001000000002000000000000000000000001000001
10000010000000010000000000000000000000000000000010002220000000000010000100000000100000000000000000222000000000000000100000000001000010010000000000000000000000001000000002000030000000000000000001000001
10000010000000010000000000000000000000000000000010000000000000000010000100030000100000000000000030000030000000000000100000000001000010010000000000000000000000001000000000000000000000000000000001000001
10000010000000010000022220000000000000000000300010000000000000000010000100000000100000000000000000000000000000000000100000000001000010010000000000000000000000001000000000000220000000000000000001000001
10000010000000013000000000000000000000000000000010000000000000000010000100000000100000000000000000220200000000000000100000000001000010010000000000000000000000001000000300000220000000000000230001000001
10000010000000010000000000000003000000000000000010000222222002200010000100000000100000003000000000220000000000000000100000000001000010010000000000000000000000001000000000000000000000000000200001000001
10000010000000010000000000000000000000000000000010000222222000000010000100000000111111111111111110220111111111111111100000000001000013010000000300000000000000001000000000000200000000000000200001000001
10000010000000010000000000000000000000300000000010000222222002000010000100000000000000000000000000000000000000000000000000000001000010010000000000000000000000001000000000000200000300000000200001000001
10000010000000010000000000000000000000000000000010000222222300000010000100000000000000000000000000000000000000000000000000000001000010010000000000000000000000001000000000000000000000000000000001000001
10000010000000010000000002200000000000000000000010000000000000000010000100000000000000000000000000000000000000000000300000003001000010010000000000000300000200001000000000000000000000000000000001000001
10000010000000010000000002200000000000000000000010000000000000000010000100000000000000000000000000000000000300000000002000000001000010010000000000000000000200001000000000000222000000000000000001000001
10000010000000010000000000300000000000000000000010000000000000000010000100000000000000000000000000000200022220000000002000000001000010010000000000000000000230001000000000000222000000000202000001000001
10000010000000010000222002200000000000000000000010000000000000000010000100000000000000000000000000000200022220000000002000000001000010010000000000000000000200001000000000000222000000000200000031000001
10030010000000010003222002200000000000000000000010030000000000000010000100003000000000000003000000030200022220000000002000000001000010310000000000000000000200001000300000000000000000000000000001000001
10000010000000010000222002200000000000000000000010000000000002220010000100000000000000000000000222200200022220000000000000000001000010010000000000000000000000001000000000000000000000000000000001020001
10000010000000010000000000000000000000000000000010000000003000000010000100222200000000000000000222200200000000000000000000000001000010010000000000000000000000001000000000000000000000000222000001020001
10000010000000010000000000000000000000000000000010000000000000000010000100000000000000000000000000000200000000000000000000000001000010010000000000000000000000001000000000000000000000000222000001020001
10000010000000010000000000000000000000000000000010000000000000000010000100000000000000000000000000000200022000003000000000000001000010010000000022222000000000001000000000000000000000000222002001020001
10000010000000011111111111111111111000001111111110000000000000003010000100000000000000000000000000000000022000000000000000000301000010010000000000000000000000001000000000000000000000000222002001020301
10000010000000000000000000000000003000000000000000000000000000000010000100000000000000000000000000000000022000000002002220000001000010010000000000000000000000001000000000000000000000000000002001000001
10000010000000000000000002200000000000000000000000000000000000000010000100000000000000000000000000000000030000000002002220000001000010010000000000000000300000001000000030000000000000000000002001000001
10000010003000000000000002200000000000000000000000000000000000000010000100000000000000000000000000000000022000000000002220000001000010010000000000000000000000001000000000000000000003000000002001000001
10000010000000000000000002200000000000000000000000000000000000000010000100030000000300002220020200000000022002222002202220000001000010010000003000000000000000001000000000000000000000000000000001000001
10000010000000000000000002200000000000000000000000000003000000000010000100000000000000002220020000300000000002222032200000000001000010011111111000000111111111111000000000222222200000000000000301000001
10000010000000000000000000000000000000000000000300000000000000000010000100000000000000002220000000000000000000000000000000000001000010000000000000000000000000000000000000222222200000000000000001000001
10000010000000000000003000000000000000000000000000000000000000000010000100000000000000000000000000000000000000000000000000000001300010000000000000003000000000000030000000000000000000000000000001000001
10000011111111111111111111111111111111111000001111111111111111111110000111111111111111111111111000000111111111111111111111111111000011111111111111111111111111111111111111111111000000111111111111000001
10000000000000000000000000000000000000000000000000000000000000000000030000000000000000000000000000000000000000000000000000000000000000000000000000000000000000000000000000000000000000000000000000000001
10000000000000000000000000000000000000000000000000000000000000000000000000000000000000000000003000000000000000000000000030000000000000000000000000000000000000000000000000000000000000000000000000000001
10000000000000000000000000000000000000030000000000000000000000000000000000000000000000000000022222220000000000000000000000000000000000000000000000000000000000000000000000000000000000000000000000003001
10030000000000000000000000000000000000000000000000000000000000000000000000000000000000000000000000000000000003000000000000000000000000300000000000000000030000000000000000000000000000000000000000000001
10000000000000000000000000000300000000000000000000000000030000000000000000000000000000000000000000000000000000000000000000000000000000000000000000000000000000000000000000300000000000000030000000000001
11111111111111111111111111111111111111111111111111111111111111111111111111111111111111111111111111111111111111111111111111111111111111111111111111111111111111111111111111111111111111111111111111111111
