11111111111111111111111111111111111111111111111111111111111111111111111111111111111111111111111111111111111111111111111111111114444411111111111111111111111111111111111111111111111111111111111111111111
10000000000030000000000000000000000000000003000000000000000000000000000000000000000000000000000000000000000000000000000000300000000000000030000000000000000000000000000000000000000000000300000000000001
10000000000000000000000000000000000000000002220000000000000000000000000000000003000000030000000000032202002222220000000000000000000000000000000000000000000000000030000000000000000000000000000000030001
10000000000000000000000030000000000000000002220000000030000000000000000000000000000000000000000000002202002222220000000000000000000000000000000000000000000000000000000000000030000000000000000000000001
10000000000000000000000000000000000000000000000000000000000000000000000000000000000000000000000000000000002222220000000000000000000000000000000220000000000000000000000000000220000000000000000000000001
10000000000000000000000000000000000000000000000000000000000000000000000000000000000000000000000000000000000000000000000000000000000000000000000220030000000000000000000000000220000000000000000000000001
10000011111111111111111111111111111111111111111111111111111110000110000000000000000111111111111111111111111111111111111111111111000000000000000220000000000000000000000000000220000000000000000000000001
13000010000000000000000000000000000000000000000000000000000000000010000003000000000100000000000000000000000003000000000000000001000000000000000000000000000000000220200000000220000000000000000000000001
10000010000000000000000000000000003000000000000000000000000000000010000000000000000100000000000000000000000000000000000000000001000000000000000000000000000000300220000000000220000000202200220000000001
10000010000011111111111111111111111111111111000011110000000000000010000000000000000100000000000000000000000000000000000000000031000000000000000222200000000000000220000000000000000000000000220022220001
10000010000010000000000000000000000000000000000000010000000000000310000000000000003100000000000000000030000000000000000000000001000000000000000222200000000000000000000000000000000000300000220022220001
10000010000010000000000000000000000000000000000000010003000000000010000000000000000100000000000000000000000000000000000000000001000000000000000222200000000000000000000000000000000000000000220000000001
10000010000010000000000030000000000000000000000000010000000000000010000002222200000100000000000000000000000000000000000000000001000000000222000222200000000000000222000000000000000000000000220000000001
10000010000010030000000000000000000000000000000000010000000000000010000000000000000100000000000000000002222000000000000000000001000000000222000000000000000000000222300000000000000000000000000000000031
10000010000010000000000000000000000000000000000000010000000000000010000000003000000100000000003000000000000000000000000000000001000000000000000000000000000000000222000000030000000000000000000000000001
10000013000010000000000000000000000000000000000000010000000000000010000000000000000100000000000000000000000000000000000000000001000000000030000000000000020200000222000000000000000000000000000000000001
10000010000010000000000000000000000000000000000300010000000000000010000000000000000100000000000000000000000000000000000000000001000000000000000000000000020000000000000000000000000000000002000000000001
10000010000010000000000000000000000000000000000000010000000000000010000000000000000100000000000000000000000000000000000200000001000000000000000000000000000000000000000000000000000000000002000000000001
10000010000010000000000000000030000000000000000000010000000030000010000000000000000100000000000000000000000000000000000000000001000000000000000000000000003000000000000000000000000000000002000000000001
10000010000010000000000000000000000000000000000000010000000000000010000000000000000000000000000022220000000300000000000220000001000000000000000000000000022220000000000000000000000000000002000000000001
10000010000010000000000000000000000003000000000000010000000000000010300000000000000000000000200022220000000000000000000000000001000000000000000000000000022220000300000000000000000000000002000000000001
10000010000010000000000000000000000000000000000000010000000000000010000000003000000000000300200022220000000000000000003000000001000000000000000000000000022220000000000000000003000000000000000000000001
10000010000010000000000000000000000000000000000000010000000000000010000000000000000000000000200000000000000000000000000222000000000000000000000000000000000000000002222200000000000000000000000000000001
13000010000010000000000000000000000000000000000000010000000000000010000000000000000100000000200000000000000000000000000222000003000000000000030000003000000000000000000000000000000000000000030000000001
10000010000010000000000030000000000000000000000000010000000000000010000000000000000100000000200022022000000022222000000222000000000000000000000000000000000000000000000000000000000000000000000000000031
10000010030010000000000000000000000000000000000000010000000000000010000000000000000100000000000022022000000022222000000222000000000000000000000000000000002220000000003000000000000000000000000000000001
10000010000010000300000000000000000000000000000000010000000000000010000000000000000100000000000022000000000000000000000000000001000000000000000000000000002220000000000000000000000022022002222000000001
10000010000010000000000000000222200222020000000000010000003000000010000000000000000100000000000000000000000000000000000000000001000000000000000000000000000000000000000000000000000022022002222000000001
10000010000010000000000000000222200222000000000000010000000000000010000030000000000100000003000000000000000000000000000000000001000000000000000000222000000000000000000000000000000000022002222000000001
10000010000010000000000000000222200000000000000000310000000000000010000000000000000100000000000000000000000000000000000000000001000000000000000000000000002222220000000000003000000000000000000000000001
10000310000010000000000000030000000000300000000000010000000000000010000000000000000100000000000000000000003222200000000000000001300000000000000000000000002222223000000000000000000000000000000000000001
10000010000010000000000000000000000000000000000000010000000000000010000000000000000100000000000000000000000000000000000000000001000000000000000000000000000000000000000000000000000000003000000000000001
10000010000010000020220000000002222220000000000000010000000000000010000000000000000100000000000000000000000000000000030000000001000002222220000000000000000000000000000000000000000000000000000000000001
10000010000010000020220000000002222220000000000000010000000000000010000000000000000100000000000000000000000000000000000000000001000002222223000000000030222220000000000000000000000000000222222200003001
10000010000010000000000000000000000000000000000000010000000000000010000000000000000111111111111111111111111111111111111111111111000000000000000000000000222220000000000000000222220000000000000000000001
10000010000010000000000000000000000000000000000000010000000000030010000000000000000000000000000000000000000000000000000000000000000000000000000000000000000000000000000000000222220000000000000000000001
10000010000010000022222200000002202000000000000000010000000000000010000000000000000000000003000000000000000000000000000000000000000002200000000000000000000000000000000000000000000000000000000000000001
10000010000310000022222200000002200000000000000000013000000000000010000000000000000030000000000000000000000030000000000000000000000002200000000000000000000000000000000000000000000000000000000000000001
10000010000010000022222200000002200000000000000000010000000000000010000003000000000000222200222022000000000000000000000000000000000002200000000000000000000300000000000000000000000030000000000000000001
10000010000010000022222200003000000000000000000000010000000000000010000000000000000000222200222022000000000000000000000000300000000000000000000000000000000111111111111111111111111111111110030111000001
10000010000010000003000000000000000000000000000000010000000000000010000000000000000000000000000000000000000000000000000000000000000002000000000000000000000100000000000000000000000000000000000001000001
10000010000010000000000000000000000000000000000000010000000000000010000000000000000000000000000000003000000000000000000000000000000000300000000000000000000100000000000000300000000000000000000001000001
10000010000010000000022200000000000000000000000000010000000000000010000000000000000000000000000000000000000000000000000000000000000000000000000000022002200100000000000000000000000000000000000001000301
10000010000010000000022200000000000000000000000000010000000000000010000000000001111111111111111111111111111111111111000000000000000000000000000300000002200100000000000000000000000000000000000001000001
10000010003010000000000000000000000000000000000000010000000000000010000000000001000000000000000000000000000000300001000000000000000000000000000000000002200100000000000000000000000000000000000001000001
10000010000010000000000000000000000000000000000000010000000000000010000003000001000000000000000000022002220000000001000000000000000222222200000000000000000100000000000000000020000000000000000001000001
10000010000010000300022000000000000000000000000000010000000000000010000000000001000000000030000000022002220000000001000003000000000222222200000000000000000100000000000000000020000000000000000001000001
13000010000010000000022000000000000000000000000000010000000002000010000000000001000000000000000000022002220000000001000000000000000000000000000000000000000100000000000000000020000000000000000001000001
10000010000010000000022000000000000000000000000000010000000002000010000000000001000000000000000000000002220000000001000000000000000000000000000000000000000130000000000000000020000000000000000001000001
10000010000010000000000000000000022002222030000000010000000002000010000000000001000000000000000000020000000000000001000000000000000000000000000000000000000100000000000000000000000000000000000001000001
10000010000010000000000000000000000002222000000000010000000000003010000000000001000000000000000000000000000000000001000000000000000000000000300000000000000100000000000000000000000000000000000001000001
10000010000010000000000000003200020002222000000000010000000000000010000000000001000000000000000000000000000000000001000000000000300000000000000000000000000100000000000000000000000000000030000001000001
10000010000010000000000000000200000000000000000000010000000000000010000000003001000000000000000000030000000000000001000000000000000000000000000000000000000100000000000000000000000000000000000001000001
10000010000011111111111111110200111111111111111111110030000000000010000000000001000000000000000000000000000000000001000000000000000000000000000000000000000100000000000000000000000000000000000001000001
10000010000000003000000000000200000000030000000000000002000000000010000000000000000000000000000000000000000000000001003000000000000000000000000000000300000100000000000000000003000000000000000001000001
10000010000000000000000000000200000000000000000000000000000000000010000000000000000000000000000000000000000000000001000000000000000000000000000000000000000100000000000000000000000000000000000001000004
10000010000000000000000000000200000000000000000002222002000000000010000000000000000000000000000000000000000000000001000000000000000030000000000000000000000100000000000300000000000000000000000001000004
10000010000000000000000000000200000000000000000002222002000000000010000000000000000000000000000000000000000000000001000000000000000000000000000000000000000100000000000000000000000000000000000001000004
10000010300000000022200222000000000000000000000000000000000000000010000000000000000030000000000000000000000000000001000000000000000000000030000000220200000100000000000000000000000000000000000001000004
10000010000000000022200222000000000000000000000000000000000000000010000000000001000000000000000000000000030000000000000000000000000000000000000000000000000100000000000000000000000000000000000001000001
10000010000000000022200000000000000000030000000000000000000000003010000000000001000000000000000000000000000000000000000000000000000000000000000000000300000100000000000000000000000000000000000001000001
10000010000000000022200220000000000202200000003000000000000000000010000000000001000000000000000000000000000000000000000000000000000000000000000000222200000100000000000000000000000000000000000001000001
10000010000000000000000220000000000202200000022222002202200000000010000000000001000000000000000000000000000000000000003000000000000000000000000000222200000100000000000000003000000000000000000001030001
10000010000000000000000000000000000000000000022222000002200000000010000000000001000000000000003000000000000000000001000000000000003000000000000000222200000103000000000000000000000300000000000001000001
10000010000000000000220200000000003000000000000000000000030000000010000030000001000000000000000000000000000000000001000000000000000000000000000000000000000100000000000000000000000000000000000001000001
10000010000000000000000000000000000222200000000000000000000000000010000000000001000000000000000000000000000000000001000000000000000000000000000000000000000100000000000000000000000000000000000001000001
10000010002302222200030000000000000222200000000000000000000000000010000000000001000000000000000000000000000000000001000000000000000000000000000000000000000100000000020220000000000000000000000001000001
10300010002002222200220000000000000222200000000000000000222220000010000000000001000000000000000000000000000003000001000000000000000000000000000000000000000100000000020220000000000000000000000001000001
10000010000002222200220000000000000000000000000000300000222220003010000000000001000000000000000000000000000000000001000000000000000000000000000000000000300000000000003000000000000000000000000001000001
10000010002202222200220000000002220022222000002220000000000000000010000000000001000000000000000000000000000000000001000000000000000000000000003000000000000000000000000000000000000000000000000001000001
10000010002200000000220000000002220022222000002220000000000000220010000000000001000000000000000000000000000000000001000000002200000000000000000000000000000000000000022222000000000000000000000001000001
10002010000000000000000000000000000022222000002220000000000000220010000000000001111111111111111111111111111111111111000000002200000000000000000000000000000000000000022222000000000000300000000001000301
10002010000000000000000000000002230000000000002220000000000000220010000000000003000000000000000000000000000000000000300000002203000000000000000000000000000000000000022222000000000000000000000001000001
10002000000000000000000000000002200000000000002220000000000000220010000000000000000000000000300000000030000000000000000000002200000000000000000000000000000100000000000000000000000000000000000001000001
10000000000000000000000000000000000000030000000000000000000000220010000000000000000000000000000000000000000000000000000000002200000000000000000000000000000100000000000000000000000000000000000001000001
10000000000000030000000000000000000000000000030000000000000000220010000000000000000000000000000000000000000000000000000000000000000000000000000000000000000100000000000000000000000000000000000001000001
10000000000000000000000000000000000000000000002020000000000000220010000000000000000000000000000000000000000000000000000000000000000000000000300000000000000100000000030000000000000000000000000001000001
10000003000000000000000000022200000000000000002000000000000000000010022222000000000000000000000220200000000000000000000000000000000000000000000000000000000100000000000000000003000000000000000001000001
10000010000000000000000000000000000000000000000000000000000000000010000300000000000000000000000220200000000000000000000000000000000300000000000000000000000100300000000000000000000000000000000031000001
10000011111111111111111111111111111111111111111111111111111111111110000000000000000000000000000000000000000000000000000000000000000000000000000000003000000111111111111111111111111111111111111111000001
10000000000000000000000003000000000000000000000000000000000000000000000000000222220003000000000000000000000000000000000300000000000000000000000000000000000000000000000000000000000000000000000000000001
10000000000000000000000000000000003000000000000000000000000000000000000000000222220000000000000000000000300000000000000000000000000000000000000000000000000000000000000000000000000000000000000000000031
10030000000000000000000000000000000000000000000000000000000030000000000000000000000000000000000000000000000000000000000000000000000000000000000000000000000000000000000000000000000000000030000000000001
10000000000000000000000000000000000000000000000000000000000000000000000000000000000000000000000000000000000000000000000000000000000000000000000000000000000000000000000000000000000000000000000000000001
40000011111111111111111111111111111111111111110030011111111111111110000111111111111111111111110000001111111111111111111111111111000011111111111111111111111111111111100000111111111111111111111111000001
40000010000000000000000000000000000000000000000000000000000000000010000100000000000000000000000030000000000000000000000000000001000010000000000000000000000000000000000000000000000000000000000001000001
40000010000000300000000000000000000000000000000000000000000000000010000100000222200000000000000000000000000000000000000000000001000010000000000000000000030000000000000030000000000000000000000001000001
40000010000000000000011111111111111111111111111111000000000000000010000100300222200000000000000000000000000000000000000030000001000010000000000000000000000000000000000000000000000000000000000001000001
43000010000000000000010000000000000000030000000001000000000000002010000100000000000000000000000000222200000000000000000000000001000010000000000000000000000000000000000000000000003000000000000001000001
10000010000002222002010000000000000000000000000001000000000000002010000100000000000000000000000000222200000000000000000000000001000010003000000000000000000000000000111111000011111111111111110001000001
10000010000002222002010030000000000000000000000001000000000000002010000100000000000000000000000000222200000030000000000000000001000010000000000000000000000000000300100000000000000000000000010001000001
10000010000002222000010000000000000000000000000001000000000000002010000100000000000000000000300000222200000000000000000000000001000010000000000000000000000000000000100000000000000000000000013001000001
10000010000002222000010000000000000000000000000001000300000000000310000100000000000000000000000000000000000000000000000000003001000010000000000030000000000000000000100000000000222002200000010001000001
10000010000002222000010000000000000000000000000001000000000000000010000100000030000000000000000000000002200000000000000000000001000010002220000000000000000000000000100000000000222002200000010001000001
10000010000000000000010000000000030000000000000001000000000000000010000100000000000000000000000000000002200000000000000000000001000010000000000000000000000000000000100000300000222002200000010001000001
10000013000000000000010000000000000000000000000001000000000000000010000100000000000000000002222002022002200000000000000000000001000010000000000000000000000000000000100000000000222000000000010001000001
10000010000000000000010000222222002220200000000000000000000000000010000130000000000000000002222002322002200000000000300000000001000010000000000000000000000300000000100000000000000002200000010001000001
10000010000000000000010000222222002220000000000000000000000000000010000100000000000000000002222000000002200000000000000000000001000010000000000000000000000000000000100000000000000002200000010001000001
10000010000000000000010000222222000000000000000000000000000000000010000100000000000000000002222000000002200000000000000000003001000010000000000000000000000000000000100000000000000000000000010001000001
10000010000000000000010000000000000000000000000000000000000000000010000100000000000000000000000000000002230000000000000000000001000010000000000000030000000000000000100000000000000030000000010001030001
10000010000000000003010000000000000000000000000000000000000000000010000100000000000000000000000000000000000000000000000000000001000010000000000000000000000000000000100000000000000000000000010001000001
10030010000000000000010000000000000000000000000001000000000000000010000100000000000030000000000000000000000000000000000000000001000010000000000000000000000000000000100000000000000000000000010001000001
10000010000000000000010000000000000000000000000301000000000030000010000100000000000002200000000000000000000000000000003000000001000010300000000000000000000000000000100000000000000000000000010001000001
10000010000000000000010000000000000000000000000001000000000000000010000100000000000002200003000000000000000000000000000000000001000010000000000000000000000000000000100000000000000000000000010001000001
10000010000000000000010000000000300002000222220001000000000000000010000100000000000002200000000000000000000000000000000000000001000010000000000000000000000000000000100000003000000000000000010001000001
10000010000000000000010030000000000002000222220001000000000000000010000100030000000002200000000000000000000000000000000000000001000010000000000000000000000000000300100000000000000000000000010001000001
10000010000000000000010000000000000002000000000001000000000000000010000100000000000002200000000000000000000000000030000000000001000010000000000000000000000000000000100000000000000000000000010001000001
10000010000003000000010000000000000000000000000001000000000000000010000100000022200000000000000000003000000000000000000000000001000010000000300000000000000000000000100000000000000000000000010001000001
10000010000000000000010000000000000000000000000001022022000000000010000100000022200000000000000000002222200000000000000000000001000010000000000000000000000000000000100000000000000300000000010001000001
10000010000000000000000000000000000000000000000001022022000000030010000100000022200000000000000000000000000000000000000000000001000010000000000000000000000000000000100030000000000000000000010001000001
10000010000000000000000000000000000000003000000001000022000000000010000100000022200000000000000000000000000000000000000000000001000010000000000000000000000000000000100000000000000000000000010001000001
10000010000000000000000000000000000000000000000001000000000000000010000100000022200000000000000000000000000223022220000000000001000010000000000000000000000000000000100000000000000000000000010001000001
10000010000000000000000000000000000000000000000001000000000000000010000100000000000000000000000000000000000220022220000000000001000310000000000000000000000000000000100000000000000000000000010031000001
10000010300000000030000000300000000000000000000001030022000000000010000100000030000000000000300000000000000220022220000030000001000010000000000000003000000000000000100000000000000000000300010001000001
10000010022200222200010000000000000000000000030001000022000000000010000100022022000000000000000000000000000000000000002020000001000010000000030000000000000000022220100000000000000000000000010001000001
10000010022200222200010000000000000000000000000001000022000000000010030100022000000000000000000000000000000000000000002000000001000010000000000000000000000000322220100000000000000000000000010001000001
10000010000000222200010000000000000000000000000001000000000000000010000100000000000000000000000000000000000000000000000000000001000010000000000220022200000000022220100000000000000000000000010001000001
10000010022000000000010000000000000030000000000001000000000000000010000100000000000000000000000000030000000000000300000000000001000010000000000220022200000000022220100000000000000000000000010001000001
10000010022000000000010000000000000000000000000001000000000000000010000100000000000000000000000000000000000000000000002222000001000010000000000220022200000000022220100003000000000000000000010001000001
10000010000000000000010000000000000000000000000001000022200030000010000100000000000000000000000000000000000000000000002222000001000010000000000000000000000222000000100000000003000000000000010001000001
10000010000003000000010220000000000000000000000001000000000000000010000100000000000300000000000000000000000000000000002222000001000010000000000220000000000222000000100000000000000000000000010001000301
10003010000000000000010220000000000000000000000001000000000000000010000100000000000000000000000000000000000000000000002222000001000010000300000220000000000000020000100000000000000000000000010001000001
10000010000000000000010220000000000000000000000001000000000000000010003100000000000000000000000000000003000000000000003000000001000010000000000000000000000000020000100000000000000000000000010001000001
10000010000000000000010000000000000000000000000001000000000000000010000100000000000000000000000000000000000000000000000000000001000010000000000002000000000000000000100000000000000000000000010001000001
10000010000000000000010000000000030000000022222001000000000000000010000100000000000000000000000000000000000000000000000000000001000010022222000002000000000000000000100000000000000000000200010001000001
10000010000000000000010222222000000000000022222001000300000000000010000100000000111000001111111111111111111111111111100000000001000010022222000002000000000000000000100000000000000000000200010001000001
10000010000000000000010222222000000000000000000001000000000000000010000100000000100000000000000000000000000000000000100000000001000010000000000002000000000003000000100000000000000000000200010001000001
10000010000000000000010222222000000000000000000001000000000000000010000100030000100000000000000000000000000000003000100000000001300010000000000000300000000000000000100000000000000000000200010001000001
10000010000000000000010222222000000000000000000001000000000000000013000100000000100300000000000000000000000000000000100000000001000010000000000000000000000000000000100000000000000000000000010001000001
10000010000000020000010000000000000000003000000001000000000000000010000100000000100000000000000000000000000000000000100000000001000010000000000000000000000000000003100000000000000000003000010001000001
10000010000000020003010000000000000000000000000001000000000000000010000100000000100000000000000000000000000000000000100000000001000010000000000000000000000000000000100000000000000000000000010001000001
10000010000000020000011111111111111111111111111111000000000000000010000100000000100000000000000000000000000000000000100000000001000010011111110000011111111111111000100000000000000000000000010001300001
10003010000000020000000000000000030000000000000000000000000000000010000100000000100000000222200000000000000000000000100000000001000010010000000000000000000000001000100000000003000000000000010001000001
10000010000000000000000000000000000000000000000000030000000000000010000100000000100000003000000000000000000000000000100000000001000010010003000000000000000000001000100000000000000000000000010001000001
10000010000000000000000000000000000000000000000000000000000000030010000100000000100000000000000000000000000000000000100000000001030010010000000000000000222200001000100000000000000000000000010001000001
10000010000000000000000000000000000000000000000000000000000000000010000100000000100000000000000000000000000000030000100000000001000010010000000000000000222200001000100000000000000000000000010001000001
10000010000000000000000000000000000000000000000000000000000000000010000100000000100000020000000000000000000000000000100000000001000010010000000000003000222200001000100000000000000000000000010001000001
10000010000000011111110000011111111111111111111110000000000000000010000100000000100000020000000000003000000000000000100000000001000010010000000000000000222200301000111111100000111111111111110001000001
10000010000000010000000000000000000000003000000010000000000000000010000100003000100000020000000000000000000000000000100000000001000010010000000000000000222200001000000000000000000000000000000001000001
10000010000000010000000000000000000000000000000310000220022202200010000100000000100000020000000000000000000000000000100000000001000010010000000000000000000000001000000000000000000000300000000001000001
10000010000000010000000000000000000000000000000010000220022202200010000100000000100000020000000000000000000000000000100000000001000010010000000000000000000000001000000000000000000002022200000001000031
10000010000000010000000000000030000000000000000010000220000000000010000100000000100000000000000000000000000000000000100000000301000010010000000000000000200000001000000000000030000000022200000001000001
10000010000300010002220020200000000000000000000010000220000000000010000100000000100000000300000000000000000000000000100000000001000010010000000000000000200000001000000000000000000000000000000001000001
13000010000000010002220020000000000000000000000010000220000000000010000100000000103000000000000000022020022200000000100000000000000310010000000000000000000000001000000000000000000000000000000001000001
10000010000000010002220000000000000000000000000010000000000000000010000100000000100000000000000000022020022200000000100000000000000010010000000000030000000000001000000000000000000000022000000001000001
10000010000000010002220000000000000000000000000010000000300000000013000100000000100000000000000000000000022200000000100020220000000010010000000000000000000000001000000000000000000000022000000001000001
10000010000000010002220000000000000000000000000010000000000000000010000100000000100000000000000000000000000000000003100020220001000010010000000000000000000000001000222220000000000000022000000003000001
10000010000000010002220000000000000000000000000010000000000000000010000100000000100000000000000000000000000000000000100000000001000010010003000000000000000000001000030000000000000000000000000000000001
10000010000000010000000300000000000003000000000010000000000000000010000100000000000000000000000000000000000300000000100000000001000010000000000000000000000000001000000000000000300000000000000000000001
10000010000000010000000000000000000000000000000010000000000000000010000100000000000000000000000000202002222220000000100022222201000010000000000000000000000000001000000000000000000000000000000001000001
10000010000000010000000000000000000000000000000010000000000000000010000100000000000000000000000000002002222220000000100022222201000010000000000000000000030000001000000000000000000000000000000001000001
10000010000300010000000000000000000000000000000010000000000000000010000100000300100000000000000000000000000000000000100022222201000010010000000000000000000000001000000000000000000000000000000001000001
10000010000000010000000000000000000000000000003010000000000000000010000102220000100000000000000000000000000000000000100000000001030010010000000000000000000000001000000000000000000000000000000001000001
13000010000000010000000000000300000000000000000010000000000000000010000002220000100000000000000000030000000000000000100000000001000000010000000000300000000000000000000000000000000000000000000001000001
10000010000000010000000000000000000000000000000010000000000000000010000002220000100000000030000000000000000000000000100000300001000000010000000000000000000000000000000000300000000000222002222001000001
10000010000000010000000000000000000000000000000010000000000000000010000000000000100000000000000000000000000000000000100000000001000000010000000000000000000000000000000000000000000000222002222001000031
10000010000000010000000000000000000000000000000010000000000002000010000100000000100000000000000000000000000000003000100000000001000010010003000000000000000000001000000000000000000000000000000001000001
10000010000000010000000000000000000000000000000010000000000002030010000102000000100022222200220000000000000000000000100000000001000010010000000000000000000000001030000000000000000000000000000001000001
10000010300000010000000000000000000000000000000010000000000002000000000102000000100022222200220000000000000000000000100000000001000010010000000000000000000000001000000000000000000000000000000001000001
10000010000000010000000000000000000000000000000010000003000002000000000100000300100000000000220300000000000000000000000000000001000010010000000000000020300000001000000000000000000000000000000001000001
10000010000000010000000000300000000000000000000010000000000002000000000100000000100000000000000000000000000000000000000000000001000010010000000000000020000000001000000000000000300000000000000001000001
10000010000000013000000000000000000000000000000010002222200000000010000100000000100000000000000000000000000000000000000000000001000010010000000000000020000000001000000000000000000000000000000001000001
10000010000000010000000000000000000003000000000010002222200000000010000100000000100000000000000000000300000000000000100000000001000010010000000030000020000000001000000000000000000000000000300001000001
10000010000000010000000000000222222200000000000010002222200000000010000100000000100000000000000000000000000000000000100000000001000010010000000000000000000000001000000000000000000000000000000001000001
10000010000000010000000000000000000000000000000010002222200000000010300100000000100000000000000000000000000000000000100003000001000010010000000000000000000000001000000000000000000000000000000001000001
10000010000000010000000000000000000000000000030010000000000000000010000100000000103000000000000000000000000000030000100000000001000010010000000000000000000000001000000003000000000000000000000001000031
10003010000000010000000000000000000000000000000010000000000000000010000100000000100000000000000000222000000000000000100000000001000010010000000000000003000000001000000002000000000000000000000001000001
10000010000000010000000000000000000000000000000010002220000000000010000100000000100000000000000000222000000000000000100000000001000010010000000000000000000000001000000002000000000000000000000001000001
10000010000000010000000000000000000000000000000010002220000000000010000100000000100000000000300000222000000000000000100000000001000013010000000000000000000000001000000002000000000000000000000001000001
10000010000000010000000000000000000000000000000010000000000000000010000100000000100000000000000000000000000000000000100000000001000010010000000000000000000000001000000000000000000000000000000001000001
10000010000000010000022220000000000000000000000010000000000000000010000100000000100000000000000000000000000000000000100000000001000010010000000000000000000000031000000000000220000000000300000001000001
10000010000000010003000000000000000000000000000010000000000000000010000100000000100000000000000000220200000000000000100000000001000010010000000000000000000000001000000000000220030000000000200001000001
10000010000000010000000000000300000000000000000010000222222002200010000100000000100000000000000000220000000000000000100000000001000010010000000000000000000000001000000000000000000000000000200001000001
10000010000000010000000000000000000003000000000010000222222003000010000100000000111111111111111110220111111111111111100030000001000010010000000000000003000000001000000000000200000000000000200001000001
10000010000000010000000000000000000000000000000010000222222002000010000100000000000000000000000000000000000000000000000000000001000010010000000000000000000000001000000000000200000000000000200001000001
10000010000000010000000000000000000000000000000010000222222000000010000100000000000000000000000003000000000030000000000000000001000010010000000000000000000000001000000000000000000000000000000001000001
10000010000000010000000002200000000000000000000010000000000000000010000100300000000000030000000000000000000000000000000000000001000010010000000000000000000200001000000000000000000000000000000001000001
10000010000000010000000002200000000000000000000010300000000000000010000100000000000000000000000000000000000000000000002000000001000010010000000000000000000200001000000000000222000000000000000001000001
10000010000000010000030000000000000000000000000010000000000000000010000100000000000000000000000000000200022220000000002000000001000310010000000000000000000200001000000000000222000000000202000001000001
10000010000000010000222002200000000000000000000010000000000000000010000100000000000000000000000000000200022220000000002000000001000010010000000000000000000200001000000000000222000300000203000001000031
10000010000000010000222002200000000000000000000010000000000000000010000100000000000000000000000000000200022220000000002000000001000010010003000000000000000200001000000000000000000000000000000001000001
10000010000300010000222002200000000000000000000010000000300002223010000100000000003000000000000222200200022220000000000000000001000010010000000000000000000000001000000000000000000000000000000001020001
10000010000000010000000000000000000000000000000010000000000000000010000100222200000000000000000222200200000000000000000000000001000010010000000000000000000000001000000000000000000000000222000001020001
10000010000000010000000000000000000000300000000010000000000000000010000100000000000000000000000000000200000000000000000030000001000010010000000000000000000000001000000000030000000000000222000001020001
10000010000000010000000000000000000000000000000010000000000000000010000100000000000000000000030000000200022000000000000000000001000010010000000022222300000000001000000000000000000000000222002001020001
10000010000000011111111111111111111000001111111110000000000000000010000100000000000000000000000000000000022000000000000000000001000010010000000000000000000000001000000000000000000000000222002001020001
10000010000000000000000000000000000000000000000000000000000000000010000100000000000000000000000000000000022300000002002220000001000010010000000000000000000000001000000000000000000000000000002001000001
10000010000000000000000032200000300000000000000000000000000000000010000100000000000000000000000000000000000000000002002220000001000010010000000000000000000000031000000000000000000000000000002001000001
10000010000000000000000002200000000000000000000000000000003000000010000100000000000000000000000000000000022000000000002220000001000010310000000000000000000000001000000000000000000000000000002301000001
10000010000000000000000002200000000000000000000000000000000000000010000100000000000000002220020200000000022002222002202220000001000010010000000000000000000000001000000000000030000000000000000001000001
10000010000000000000000002200000000000000000000000000000000000000010000100003000000000002220020000000000000002222002200000000001000010011111111000000111111111111000000000222222200000000000000001000001
10300010000000000000000000000000000000000000000000000000000000000010000100000000000000002220000000000000000000000000000000000001000010000000000000000000300000000000000000222222200000000000000001000001
10000010000003000000000000000000000000000000000000000000000000000010000100000000000000030000000000000000000000000000000000000001000010000000000000000000000000000000000000000000000000000000000001000001
10000011111111111111111111111111111111111000001111111111111111111110000111111111111111111111111000000111111111111111111111111111000011111111111111111111111111111111111111111111000000111111111111000001
10000000000000000000000000000000000000000000000003000000000000000000000000000000000000000000000000000000000000000000000000000000000000000000000000000000000000000000000000000000000000003000000000000031
10000000000000000000000000000000000000000000000000000000000000000000000000000000000000000000000003000000000000000000000000000000000000000000000000000000000000000000000003000000000000000000000000000001
10000000000000000000030000000000000000000000000000000000000000000000000000000000000000000000022222220000000000000000000000003000000000000000000000000000000000000000000000000000000000000000000000000001
10000000000000000000000000000000000000003000000000000000000000000000300000000003000000000000000000000000000000000000000000000000000003000000000000000000000000000000000000000000000000000000000000000001
10000000000000000000000000000030000000000000000000000000000000000000000000000000000000000000000000000000000000030000000000000000000000000000000000000300000000000000000000000000000000000000000000000001
11111111111111111111111111111111111111111111111111111111111111111111111111111111111111111111111111111111111111111111111111111111111111111111111111111111111111111111111111111111111111111111111111111111
