11111111111111111111111111111111111111111111111111111111111111111111111111444444411111111111111111111111111111111111111111111111111111111111111111111111111111111111111111111111111111111111111111111111
10000003000000000000000000000000000000000000000000000000000000030000000000000300000000000003000000000000300000000000000000000000000000000000000000000000000000000000000000000000000000000000000000000001
10000000000000000000000000000000000000030000000000000000000000000000000000000000000000000000000000000000000000000000000000000000000000000000300000000000000000000000000000000030000000000030000000000001
10000000000000000000000000000000000000000000000000000000000000000000000000000000000000000000000000000000000000000300000000000030000003000000000000000000300000000003000000000000000000000000000000000001
10000000000000000000000000000000000022200000002202230222200000000000000000000000000000000000000000000000000000000000000000000000000000000000000000000000000000000000000000000000000000000000000000000001
10000000000000000000000000000000000022200000002200000222200000000000000000000000000000000000000000000000000000000000000000000000000000000000000000000000000000000000000000000000000000000000000000000001
10000011111111111111111111111111000022200000000000000222200000001111111111111111111111111111111111111111111111111111111111111111000000000000000000000000000000000000001111111111111111111111111111000001
10000010000000000000000030000001000022200000000222000000000000000000000000000000003000000000000000000000000000000000000000000001000000000000000000000000000000000000001000000000000000000000000001000001
10000010000000000000000000000001000000000000000222000000000000000000000000000000000000000000000030000000000000000000000000000001000000000000000003000000000000000000001000000000000000000000000001000031
10000010000000000000000000000001300000000000000222000000000000000001111111111111111111111111111000000000000000000000000000000001000000000000000000000000000000000000001000000000000000000000000001000001
10000010000000000000000000000001000020000000000000000000000000300001000000000000000000000000001000000000002200000000000000000001000000000000000000000000000000000000001000000000030022200000000001000001
10000010000000000000000000000001000020000000000000000000000000001001000000000000000000000000001000000000002200000000200203000001000000000000000000000000000000000000001000000000000022200030000001000001
10000010000000000000000000000001000000030002200222022000000000001001000000000000000000000000001000000000002200000000200200000001000000000000000000000000300000000000001000000000000000002002220001000001
10000010000300000000000000000001000022000002200222022000022000001001000000000000000003000000001000000000000000000000000200000001000000000000000000000000000000000030001000000000000000002002220001000001
10000000000000000003000000000001000022000002200000000000022000001001000000003000000000000000001000000000000000000000000200000001000000000000000000000000000000000000001000000000000000000002220001000001
10000000000020022200000000000001000000000002200000000000000000001001000000000000000000000000000000000000000003000000000000000001000000000000000000000000000000000000001000000000000000002200000001000001
10300000000020022200000000000001000000000002200000000000022000001001000000000000000000000000000000000000000000000000020000000001000000000003000000000000000000000000001000000002222200002200000001000001
10000000000000022200000000000001000000000002200000000030000000001001000000000000000000000000003000020000000000000000020000000001000000000000000000000000000000000000001000000000000000000000000001000001
10000000000020022200000000000001000000000002200000000000000000001001000000000000000220000000000000020002200222200000020000000031000000000000000000000000000000000000001000000000000000000000000031000001
10000000000000000000000000000001000000000000000000000000022220001001000000000000000220000000000000020000000222200000020000000001000000000000000000000000000000000000001000003000000000000000000001000001
10000010000000000000000000000001000000000000000000000000000000001001000000222220000220000000000000020300000222200000020000000001000222220000000000000000000000000000001000000000000000300000000001000001
10000010000000022022200222200001000000000000003000000000000000001001000000222220000220000000001000020000000000000000000000000001000000000000000000000000000000000000001000000000000000000000000001000001
10000010000000022022200222200001000000300000000000000000000000001001000300000000000220000000001000000000000000000000000000000001002000000000000000000000000000000000001000000000000000000000000001000001
10000010000000000000003000000001000000000000000000000000000000001001000000000000000000000000001000000000000000000000000000000001002000002220022200300000000000000000001000000000000000000000000001000001
10000010000000000000000000000001000000000000000000000000000003001001000020200000000000000000001002222200000000000000000000000001002000002220022200000000000000000000001000000000000000000000000001000001
10000010000003000000000000000301000000002200000000000000000000001001000020000000030000000000001002222200000000000000000000000001002300000000022200000000000000030000001000000000000000000000000001000001
10000010000020000000000000222001000000002200000000000000000000001001000000000000000000000000001300000000000000000300000000000001002000002000022200000000000000000000001000000000000000000000000001000001
10030010000020000000000000222001000000002200000000000000000000001001000000000000200000000000001000000000000000002002202000000001000000000000022200000000000000000000001300000000000000000000000001000001
10000010000000000000000000222001000000002200003000000000000000001001000022000000200000000000001000000000000000002000000000000001000000000000000000000000000000000000001000000000222200000000000001000001
10000010000000000000000000000001000000000000000000000030000000001001000022000000200000000000001000000000000000002000000000002001000000000000000000000000000000000000001000000000000032222222000031000001
10000010000020000000000000000001000000000000000000000000000000001001000022000000200220000000001000000000000000002000000000032001000000000000030000000000000000000000001000000000000002222222000001000001
10000010000020000000000000222001000000000000000000000000000000001001000022000000000220000000001000000000000000000000000000002001000000000000000000000000000000000222001000000220222000000000000001000001
10000010000020000000000000222001000002220000000000000000022200001001030000000000000220000000001000000000000000000000000000002001000000000000000000000000000000000222001000000220222000000000000001000001
10000010000000000000000000000001000002220000000000000000000000001001000000000000220220000000001000000000000000000000022020002001000300000002202200222200000000000000001000000000000000000000000001000001
13000010000000000000000000200001000000000000220000000000000000001001000000000000000220000000001000000000000000002200022020000001000000000002202200222200000000000000001000000000000000000000000001000001
10000010000000000000000000000001000300000000220000000000000000001001000000000000000220000000001300000000003000002200000000000001000000000000002200222200000000000222001000030000000000000000000001000001
10000010000000000003000000000001000000000000000000000000002230001001000000000000000220000000001000000000000000002200300000000001000000000000000000000000000000000222001000000000000000222222200001000001
10000011111111111111111111111111000022222000220022222000002200001001000000000000000000000000001000000000000000002200000022220001000000000000000000000300000000000222001000000000000000000000000001000001
10000000000000000000000000000000000022222000000022222000002200001001000000000000030000000000001000000000000000002200000022220001002200222000000000000000000000000222001000000000000000000000000001000001
10000000000300000000000000000000000000000000000030000000002200001001000000000000000000000000001000000000000000002200000022220001000000222000000000000000000000000000001000000000000000000000000001000001
10000000000000000000000000000000000000000000000000000000000000001001111111111111111111111111111000000000000000002200000000000301002200222003000000000000000000030000001000000000000000000000000001000031
10000000000000000000000000000000000000000000000000000000000000001000000000000000000000000000000000000000000000000000000000000001002200222000000000000000000000000000001000000000000000000000000001000001
10000000000000000000000000000000000011111111111111111111111100001000000000000000000000000000000000000000000030000000000000000001000000000022222000000000000000000000001110000001111111111111111111000001
10000000000000000000000000000200000010000000000000000000000100001000000000000000000000000000000000000000000000000000000000000001000000000022222000000000000000000000000000000000000000000000000000000001
10000000000000000000000000000200000010000000000000000000003100001000030000000000000000000000000000000000000000000000000000000001000000000000000000000000000000000000000000000030000000003000000000000001
10000000000000000000000000000200000010000000000000000000000100001000000000000000000000000000000000011111111111111111111111111001000000222200000000000030000000000000000000000000000000000000000003000004
10000000000000000000000000030200000010000000000000000000000100001000000000000000000000000000000000010000000000000000000000001001000030000000000000000000000000000000000000000000000000000000000000000004
10000000300000000000300000000200000000000000000000000000000100001000000000000000000000000000000000010000000000000000000000001001000000000000000000220222002220000000001111111111111111111111111111000004
10000000000000000000000000000000000000000000000000000000000100001000000000000000000000000000000030010000000000000000000000001001000000000000000000220222002220000000001000000000000000000000000001000004
10000000000000000000000000000000000000000000300000000000000100001000000000000002200003000000000000010000000000000000300000001001000000000000000000000000002220000000001000000000000000000000000001000004
13000000000000000000000000000000000000000000000000000000000100001000000000000002200000000000000000010000000000000000000000001001000000000000000000000000000000000000001000000200000000000000000001000001
10000000000000000000000000000000000000000000000000000000000100001000000000220000000000000000000000010000000000000000000000001001000022000300000000000000000000000000001000000200000000000000000001003001
10000000220000000000000000000000000000000000000000000000000100001000000000220302220000000000000000010000000000000000000000031001000022000000000000000000000000003000001000000200000000000000000001000001
10000000220000000000000000000220223010000000000000000000000100001030000000220002220000000000000000010000000000002222000000001001000022000000000000000000000222200000001000300200000000000000000001000001
10000000000000000300000000000220000010000000000000000000000100001000000000220000000002220022222000010000000000002222000000001001000022000002222200000000000000000000001000000200000003000000000001000001
10000000220022200000000000000000000010000000003000000000000100001000000000220000000002220000000000010000000030000000000000001001000000000002222200000000000000000000001000000200000000000000000001000001
10000000220022200000000000000000200010000000000000000000000100001000000000000002220000000000000000010000000000000000000000001001000000000000000000000000000002220000001000000200000000000000000000000001
10300000220022200000200000000000200010000000000000000300000100001000000000000002220000000000003000010000000002202200000000001001000020200000000000300000000302220000001000000000000000000000000000000001
10000000000000000000200000000000200010000000000000000000000100001000000000000000000000002202200220010000000002202200030000001001000020000000000000000000000000000000001000022000000000000000000000000001
10000000000000000000200000000000000010000000000000000000000100001000000000000000002222302200000220010000000000002200000000001001000000000222200000000000000000000000301000022000000000000000000000000001
10000002222200000000200000000000000010000000000000000000000100001000000000000000002222000000000220010000000000000000000000001001000000000222200000000000002202200000001000022000000000000000000000000301
10000000000000000000200000000000000010300002222200000000000100001000000000000000000000022000000220010030000000000000000000001001000000000222200000000000002200000000001000022000000000000000000001000001
40000000030000000000000000000000000010000000000000000000000100001000003000000030000000022000000220010000000000000000000000001001000000000000000000000000000000022202001000022000000000000000000001000001
40000000000000000000000022222032200010000000000003000000000100001000000000000000202200022000000000010000000000300000000000001001000000030000000000000000000003022200001000000030000000000000000001000001
40000000000000000000000022222002200010000000000000000020000100001000000000000000002200022002000000010000000000000000000000001301000000000220220000000000000000000000001000000000000000000000000001000001
40300000000000000000000022222002200010000000000000000020000100001000000000000000002200000002000000010000000000000000000000001001000000000000220000000220000000000000001000000000000000000000000001000001
10000000000000000000000000000000000010000000000000000020000100001000000000000000000000000002000000010000000000022200000000001001000000000000000000000220000000022220001000000000000000000000000001000001
10000000000000000000000000000002000010000000000000000020000100001000000000000000000000000002000000010000000000000000000000001001000000000000000000000220000000022220001000000000000000022230000001000001
10000000000000000000000000000000000010000000000000000020030100001000000000000000000000000000000000010000000000000000000000001001000000000000000000000220000000022220001000000000000000022200000001000001
10000000000000000030000000000000000010000000030000000000000100001000000000000000000000000000000030010000000000000000000000001001000000000000000000000000000000000030001000000000202000022200000001000001
10000000000000000000000000000000003010000000000000000000000100001002200000000000000000000000000000000000000000000000000030001001000000000000000000000000000000000000001000000000002000022200000001000301
10000000000000000000000000000000000010000000000000000000000100001002200000000000000000030000000000000000000000030000000000001001000000000300000000300000000000000000001000000000000000022200000001000001
10000000000000000000000000002200000010000000000000000000000100001002203000000000300000000000000000000000000000000000000000001001000000000000000000000000000000000000001030000000000000000000000001000001
10030000000000000000000000002200000010000000000000000000000100001002200000000000000000000000000000000000000000000000000000001001000000000000000000000000000000000000001000000000032220000000000001000001
10000000000000000000000000002200000010000000000000000000000100001000000000000000000000000000000000010000000000000000000000001001000000000000000000000000000000300222001000000000002220020200000001000001
10000000000000000000000000002200000010000000000000000000000100001000000000000000000000000000000000010000000000000000000000001001003000000000000000000000000000000222001000000000002220020000000301000001
10000000000000000000000000002200000010000000000000300000000100001000000000000000000000000000000000010003000000000000000000001001000000000000000000000000000000000222001000000000002220000000000001000001
10000000000000000000000000000300000010000000000000000000000100001000000000000000000000000000000000011111111111111111111111111001000000000000000022002000000000000000001000000000000000000000000001000001
10000000000000000000000000000000000010000000000000000000000100001000000000000003000000000000000000000000000000000000000000000001000000000000000000002000000000000000001000000000000000000000000001000001
10000000000000000000000002202000000010000000000000000000000100001000000000000000000000000000000000000000000000000000000030000001000000000000000020002000000000020220001000000000000000000000000001000001
10000000000000000300000002202000000011111111111111111111111100301111111111111111111111111111111111111111111111111111111111111111000000000000000000002000000000000000001111111111111111111111111111000001
10000000000000000000000000000000000000000000000000000000000000000000000300000000000000000000000000000000000000000000000000000000000000000000000000002000000000000000000000003000000000000000000000000001
10000000000000020220022220000000000000000000000000000000000000000000000000000000000000000003000000000000000000300000000000000000000000000000000000000000320000000000000000000000000300000000000000000001
10000000003000000000000000000000000000000000000000000000000000000000000000000000000000000000000000000000000000000000000000000000000000000000000000000000020000000000000000000000000000000000000000000001
10000000000000000000000000000000000000000000000000000000000000000000000000000000000000000000000000000000000000000000000000000000000000000300000000000000020000000000000000000000000000000000000030000001
10000011111111111111111111111111111111111111111111111111111100001111111111000001111111111111000000000000000000200000000000000030000000000000000000000000000003000003000000000000000000000000000000000001
10000010000000000000000000000000000000000000000000000000000100001000000000000000000000000001000000000000000000200002222000000000000000000000000000000000000000000000000000000000000000000000000000000001
10000010000000000000000000000000000000300000000000000000000100001000000000000000000000000001000000000030000000000000000000000000000000000002200000000000020220000000000000000000000000000022000000000001
13000010000000000000003000000000111111111111111111111111100100001000000000000000000000000001000000000000000200000000000000000000000000000002200000300000020220000000000000000000000000000022000000000001
10000010000000000000000000000000100000000000300000000000100100001000000022222000000002000001000000000000000200200000000000000000000000000002200000000000000000000000000002202200000000000022000000000001
10000010000000000000000000000000100000000000000000000000100100001000000022222000000002000001000000000000000200200000000000000000000000000002200000000000000000000000000202202200022222000000030000000001
10000010000000000000000000000000100000000000000000003000100100001000000000000000000302000001000000000000000000200000000000000000000000000002200000000000000020000000000200002200000000000000000000000001
10000010000000000000000000000000100000000000000000000000100100001000000300000000000002000001000000000000000000200300000000000000000000000002200000000002000020000000000200000000000000000000000000000001
10000010000000000000000000000000100000000000000000000000100100001000000000000000000000000001000003000000000000000000000000000000000003000002200000000002000320000000000200000000000000000000000000300001
10000010000030000000000000000000100000000000000000000000100100001000000002222200220000000001000000000000000000000000000000000000000000000000000000000002000000000202200200302222200000000000000000000001
10000010000000220000000000000000100000000000000002000000100100001000000000000000000000000001000000000000000000000000000000000000000000000000000000000002000000000000000000002222200000000000000000000001
10000010000000220000000000000000100000000000000000000000100100001000000000000000220000000031000000000000000000000000003000000000000000000000000000000002000000000000000000000000000000000000000000000001
10000010000000220000000000000000100000000300002002200000100100301000000000000000220000000001000000000000000000000000000000000000000000000000000000000002000000000002222200000000000000000000000000000001
10000010000000220000000000000000100000000000002002200000100100001000000000000000000000000001000000000000000002200000000000000000000000000000000000000002000000000000000000000000000003000000000000000001
10000010000000000000000000000000100000000000002002200000100100001000000000000000000000000001000000000000000002200000000000000000000000000000000000000000000000220220000000000000000000000000000000000001
10000010000000000000003000000000100000000000002003000000100100001000000000000000000000000001000000000000000002200000000000000000000000000000000030000000000000220220000000000000000000000000000000000001
10030010000000000000000000000000100000000000002000000000100100001000000000000000000000000001000000000000000002200000000000000000000000000022200000000000000000220030000000000000000000000000000000000301
10000010000000000000000000000000103000000000000000000000100100001000000000000000000000000001000000000000000002200000000000000000000000000000000000000000000000000000000000000000000000000000000000000001
10000010000200000000000000000000100000000000000000000000100100001000000000000000000030000001000000200000000000000000000000000000000000030000000000000000000000000000000000000300000000000000000000000001
10000010000200000000000000000000100000000000000000000000100100001000000000000000000000000001000000000000000000000000000000000000000000000022020000000000030000222220000000000000000000000000300000000001
10000010000200000000000000000000100000000000000000000000100100001000002220000000000000000001000000220000030000000000000000000000000000000000000000000000000000222220000000000000000000000000000000000001
10000010000000000000000000000000100000000000000000000000100100001000002220000000000000000001000000000000222002202200000000000000000000000000000000000000000000000000000000000000000220220000000202200001
10000010000000000000000000000000100000000222030000000000100100001000000030000000000000000001000000000000222002202200000000000000000000000000000000000000000000000000000000000000000220220000000202200001
10000010000000000000000000000030100000000000000000000000100100001000000000000000000000000001000030220000222002200000000000000000000000000000000000000000000000000000000000000000000220000000000000000001
10000010000000000000000000000000100000000000000000000000103100001000000000022220020000000001000000220000222000000000000000000000002220000000000300000000000000000000000000000000000300000000000000000001
10000010003000000000000022000000100000000000000000000000100100001000000000022220020000000001000000220000000000000000000000000000000000000000000000000000000000000000000302222000000000000000000222200001
10000010000000000000000022000000100000000000000000000000100100001030000000000000000000000001000000220000000000000000000000000222200000000000000000000000000000000000000000000000000222200000000000000001
10000010000000000300000022000000100000300000000000000000100100001000000000000000020000000001000000220000000000000000000000000000002200000000000000000000000000000000000000000000000222200000000000000001
10000010000000000000000022000000100000000000000000000000100100001000000000000000000000000001000000000000000000000030000000000000302200000000000000000000000000000000000000000000000000000000000000000001
10300010000000000000000022000000100000000000000300000000100100001000000000000000000000300001000000000000000000000000000000000000002200000000000000000000000003020000000000000000000000000000000000000001
10000010000000000000000022000030100000000000000000000000100100001000000000000030000000000001000000000003000000000000000000000000000000000000000000000000000000020000000000000000000200300000000000030001
10000010000000000000000022000000100000000000000000000000100100001002222200000000000000000001000000000000200000000000000000000000002000030000000000000000000000020000000000000000000200000000000000000001
10000010000000000000000000000000100000000000000000000000100103001000000000000000000000000001000000000000200000000000000000000000000000000000000000003000000000020000000000000000000200000000000000000001
10000010000000000000000000000000100000000000000000000000100100001000000300000000000000000001030000000000200000000000000000000000000000000000000000000000000000020000000000000000000000000000000000000001
10000010000000000000000000000000100000000000000000000000100100001000000000220000000000000001000000000000200000000000000002000000000000000000000000000000000000000000000000030000000000000000000000000001
10000010000000220000000000000000100000000300000000000030100100001000000000220000000000000001000000000000200000000000000002000000000000000000000000000000000000000000000000000000220220000000000000000001
10000010000000220000000000000000100000000000000000000000000100001000222220223000000000000001000000000000000000000000030002000300222002220220000000000000000000022030000000000000220220000000000000000001
10000010000000220000000300000000100000000000000000000000000100001000222220220000000000030001000000000000000000000000000000000000222002220220002222000000000000022000000000000000000220000000000000000001
13000010000030220000000000000000100000000000000000000000000100001000000000220000000000000001000000000000000000000000000000000000000000000000002222000000000000022000022200000000000000000000000000000001
10000010000000220000000000000000100000000000000000000000000100001000000000220000022022000001000000000000000000000000000000000000000000030000002222000000030000000000022200000000000000000000000000000001
10000010000200000000000000000000100000000000000000000000000100001000220000220000000022000001000000000000302000000000000000000000000000000000000000000000000000000000000000000000030000000300000000000001
10000010000200022000000000000000100000000000000000000000000100001000220000000000000000000001000000000000002000000000000000000000000000000000000000000000000000000000000000000000000000000000000000000031
10000010000200022000000000000000100000000000000000000000100130001000220000000000022000000001000000000000002000000300000000002000000000000000002200000000000000000000000000000000000000200000000220000001
10000010000000022000000000000000100003222220022020000000100100001000000000000223022000000001000300000000002000000000000000002000000000000000000300000000000000030000000000000000000000000000000220000001
10000010000000022000000000000000100000000000022000000000100100001000000000000220022000000001000000000000000000000000000000002000003000000000000000000000000000000022020000000000000000220000000220000001
10000010000200022000000000000300100000000000022000000000100100001030000000000220022000000001000000000000000000000000000000000000000000000000000000000022222000000022020000000000000000000000000220000001
10000010000200022300000000000000100000000000000000000000100100001000000000000220022000000001000000000003000000000000000000000000000000000000000000000000000000000000000000000000030000000000000220000001
10000010000000022000000000000000100000000000000000000003100100001000000000000000000000000001000000000000000000002000000000000000000000000000000000000000000000000000000000000000000000222220000000000001
10000010000000000000000000000000100000000000300000000000100100001000000000000000000003000001000000000000000000002000000000000000000000000000000000000000000000000000020300000220000000000000000000000001
10000010003000002000000000000000100000000000000000000000100100001000000000000000000000000001000000000000000000002000000000000000000000000000000000000030000000000000020000000220000000000300000000003001
10000010000000002000000000000000100000000000000000000000100100001000000000000000000000000001000000000000000000032000000000000000000000000000000000000000000000000000020000000000000000000000000000000001
10000010000000002000000000000000100000000000000000000000100100001111111111111111111111111111000000000000000000000000000000000000000000000000000000000000000000000000000000000220000000000000000022000001
10000010000000000000000000000000111111111111111111111111100100000000000000000000000000000000000000000000000000000000000000000000000030000000000000000000000000000000000000000220000000000000000022000001
10000010000000000000003000000000000000000000000000000000000100000000000000300000000000000000000000000000000002202000000000000000000000000000000000000000000000000000000000000220000000000000000022000001
10000010000000000000000000000000000000000000000000000000000100000222222200000000000000000003000000000000000002202000000300000000000000000000000000000000000000000000000000000000000030002222000000000001
10000010000000000000000000000000000000000000000000300000000100000000000000000000000000000000000000000000000000000000000000000000000000000000002200200000000000000000000000000000000000000000000000000001
10000010000000000000000000000000300000000000000000000000000100202000000000000000000000000000000200000000000000000000000000000000000000000000002200200000000030000000000000000222000000000000000022000001
10000010011111111111111111110000000000000000000000222222200100200300000000000000030000000000000200000000000000000200000000000000000000000000002200000000000000000000000000300222000000000000000022000031
10000010010000000000000000010000000000000000000000000000000100000000000000000000000000000000000200000000030000000200000000000000000000000000000030220000000000000000000000000222000000000000000022000001
10300010010000000000000000010000000000003000000022200222000100000000000000000000000000000000000200000000000000000200000000000000000000000000000000220000000000000000000000000222000000000000000000000001
10000010010002200000000000010000000000000000000022200222000100222000000000000022000000000300000200000222220000000000000000000000000000000000000000000000000000000000000000000222000000000000000022000001
10000010010002200000000000010000000000000000000022200000000100000000000000000022000000000000000000000222220000000000000000000000030000000000000000000000000000000000000000000000000000000000000022000001
10000010010002200000000000010000000000000000000022200000000100000000000000000022000000000020000000000000000000000000000000000000220000000300000000000000000000000000000000000000000000000000300000000001
10000000010002200000000000010000000000000000000000000000000100000000000000000022000000000020000000000000000000000030000000000000220011111111111111111111111111111111100000000000000000000000000000000001
10000000010002200000000000013000000000000000000000000000000100002200200000000022000000000020003000000000002200000000000000000000220010000000000000000000000000000000130000000000000000002022000000000001
10000000010000030000000000010000000000000000000000000000000100002200200000000000000000000020000000000000002200000000000000000000000010000000000000000000000000000000100000000000000030000000000000000301
10000000010000000000000000010000000000022000000000000000000100002200000000000030000000000020000000000000000300000000000000000000000010000000000000000000300000000000100000000300000000000000000000000001
10000000010000000000000000010000000000022000000000000000000100000000220000000000000000000000000000000222002200000000000000000000000010000000000000000000000000000000100000000000000000000022220000000001
10000000010000000000000000010000000000022000000000000000000100000300220000000000000000000000000000000222000000000000000000000000000010000000000000000000000000000000100000000000000000000022220000000001
10000010010000000000000000010000300000022000000000000000000100000000000000000000000000000000000000000000000000000000000000000000000010000000000000000000000000000000100000000000000000000000000000000001
10000010010000000000000000010000000000000000000000000000000100000000000000000000000000000000000000000000000000000000000000002020000010000000000000000000000000030000100000000000000000000000302222200001
10000010010000000000000000010000000000000030002000003000000100000000000000200000000000030000000000000000000000000000000200032000000310000000000000000000000000000000100022200000000000000000002222200001
10000010010000000000000000010000000000000000002000000000000100000000000000200000000000000000000000000000000000200000000200000000000010000000000000000000000000000000100022200002222200000000000000000001
10300010010000000000000000010000000000000000002000000000000100000000000000200000000000000000000000000000000000200000000200000000000010000000000000000000000000000000100000000000000000000000000000000001
10000010010000000000000000010000000000000000000000200000000100000000000000030000000000000000000000000000000000200000000200002000000010000000000000000000000000000000100000000000000000000022002222200001
10000010010000000000000000010000000300000000000000200000000100000000000000000000000200200000000030000000000000200000000200002000000010000030000000000300000000000000100022220000000000000000002222230001
10000010010000000000030000010000000000000000000000200000000100000000000000000000200200202200000000000000000000200000000200002000000010000000000000000000000000000000100022220000000000000000000000000001
10000010010030000000000000010000000000000000000300200000000100000000000000000000200000202200000000000000000030200000000200002000000010000000000000000000000000000000100000000000000000222000000000000001
10000010010000000000000000010000000000000000000000200000003100000000000000000000200000002200000000000000000000200000000000002000000010000000002000000000000000000000100000000000000000222000000000000001
10000010010000000000000020010000000000000000000000200000000100000030000000000000200000002200000000000000000200000000300000000000000010002222002000000000000000000000100000000000000000000000003000000001
10000010010000000000000000010000000000000000000000200000000100000000000000000000200000002200000000000000000200000000000000000300000010000000002000000000000000000000100000000000030000000000000002220001
10030010010000000002220020010000000000000000000000000000000100000000000000000000000000002200000000000300000200000002222200000000000010300000002000000000000000000000100000000222000000000000000002220001
10000010010000000002220020010000000000000000000000000000000100000000000000000000000000002200000000000000000200000000000000000000000010000000002000220000000000000000100000000222000222002220200002220001
10000010010000000000000000010000000000000000000000000000000100000000000000000000222000000000000000000000000200000000000000000000000010000000000000220000000000000000100000000222000222002220000000000001
10000010010000300000000000010000000000000000000000000000000100000000000000003000222000000000000300000000000200000000000000000000000010000000000000220300000000000000100000000222000222000000000000000001
10000010010000000000000000010300000000000000000022200220000100000000000000000000000000002220000000000000000200300000000000000000000010000000000000220000000000000000130000000000000000000000000002220001
10000010010000000000000000010000000000000000000022200220000100000000222200000000000000032220000000000000000000000000002202200222000010000000000000220000000000000000100000000000000000000000000002220001
10000010010000000000000000010000000003000000000000000220000100000000000000000000000000000000000000000000000000000000002202200222000010000000000000000000000000000000100000220220000000000000000000000001
10000010010000000000000000010000000000000000000003000000000100000000000000000000000000000000000000002200000000000000000002200222000010023000000000000000000000220000100000220000000220220000000002200301
10000010010000000000000000010000000000000000000000000200000100000000000000000000000000000000000000002200000000000000000000003222000010020000000000000000000000220000100000000000000000220000000002200001
10000010010000000000000000010002200000000000000000000000000100000000000000000000000000000000000000002230000000000000000000000222000010020000000000000000000000220000100000000000000003000000000000000001
10000010010000000000200000010002200000000000000000000000000100030000000000000000000000000000000000000000000000000002202200000000000010020000000000002200000000220000100003000000000222200000000000000001
10000010010000000000200000010000000000000000000000000000000100000000000000000000000000000000022220000000000000000000002200000000000010020000022000002200000000220000000000000000000000000000000000000001
10000010010000000000200003010002002222200000000000000000000100000000000000000000000000000000022220002220000003000000000000000000000010000000022000002200000000000000000000000000000000220020220000000001
10000010010000000000000000010002000000000000000000000000200100000000030000000030000000000000000000002220000000000002222000200222200010000000000000002230000000000000000000000000000000220020220000000001
10000010010000003000000000010000000000002222230000000000200100000000000000000000000000000000300000002220000000000000000000200222200010000220022000002200000000000000000000000003000000220000300000000001
10000010010000000000000000010000000000000000000000000000200100222002000000000000002200220000020220002220000000000000000000000222200010000220022000000000000000000000000000000022200000000000000000000001
10000010010002220020000000010000000000000000000000000000000100222002000000000000002200220000020220002220000000220000000000000000000010000220022000000000000000000000100000000000000000000000000000000001
10000010010002220020000000010000000000000000000000000000000103000002000000000000002230220000000000000000000000220000000000000000300010000220000000000000000000000300100000000000222220000000000000030001
10003010000002220000000000010000000000000000000000000000000100000000000000000000000000220000000000000000000000220000000000000000000010000000000000000000000000002000100000300000222220000000000000000001
10000010000000000022000000010000000000002220000000000000000100000000000000000000000000220000000000000000000000220000000000000000000010000220220000000000000000002000100022222220000000000000000000000001
10000010000000000022000000010000000000002220000000000000000100022002202000000000000000000000000000000000300000000000000000000000000010000220220300000000000000002000100022222220000000000000000000000001
10000010000000003000000000010030000000000300000000000300000100022000000000000000000000000000000000000000000000000000000000000000000010000220000000000000003000002000100000000000000000000000000000000001
10000010000000000000000000010000000000000000000000000000000100022000002000000000000000000000000000000000000000000000000030000000000010000000000000000000000000002000100000000000000000000000000000000001
10000010000000000000000000010000000000000000000000000000000100022000002000000000000000000000000000000000000000000000000000002200000010000000000000000000000000000000100000000000000000300000000000000001
10000010011111111111111111110000000000000000000000000000000100000000002000000000000000000002203000000000000000000000000000002200000010000222220000000000000000000000100000000000000000000000000000000001
10000010000000000000000000000000000000000000000000000000000100000000000000000000000000000002200000000000000000000000000000002200000010000000000000000000000000000000100000000222220022022000000000000001
10000010000000000000000000000000000000000000030000000000000100000300000000000000000300000000000000000000000000000000000000002200000310000000000000300000000000000000100000000222220022022000000000000001
10000011111111111111111111111111111111111111111111111111111100000000002230000000000002222002000000000000000000000000000000002200000011111111111111111111111111111111100000000000000022000000000000000001
10000000000000000000000000000000000000000000000000000000000000000000000000000000000002222002000000000000000000000000000000000000000000000000000000000000030000000000000000000000000000000000000000000001
10000000000000000000000000000000000000000000000000000000000000000000000000000000000000000000000000000000000000000000000000000000000000000000000000000000000000000000000000300000000000000000000003000001
10000000000000000000000000000000000000300000000000000000000030000000000000000000000000000000000000000000000000000000000000000000000000000000000000000000000000000000000000000000000000000000000000000001
10000000000000000003000000300000000000000000000000000000000000000000000000000000000000000000000000000000000000000000000003000000000000000000000000000000000000000000300000000000000000000000000000000001
10000000300000000000000000000000000000000000000003000000000000000000000000000000000000000000300000000000300000000030000000000000000000000000300000000000000000000000000000000000300000000000000000000001
11111111111111111111111111111111111111111111111111111111111111111111111111111111111111111111111111111144444441111111111111111111111111111111111111111111111111111111111111111111111111111111111111111111
