11111111111111111111111111111111111111111111111111111111111111111111111111444444411111111111111111111111111111111111111111111111111111111111111111111111111111111111111111111111111111111111111111111111
10000000003000000000000000000000000000000000030000000300000003000000000000000003000000000300000000000300000030000000003000000000000000000000000000000000000000000030000000000000030000000000000000000001
10000000000000000000000000000000000000000000000000000000000000000000000000000000000000000000000000000000000000000000000000000000000000000300000000000000000000000000000000000000000000000000000000000001
10000000000000000000000000000000000000000000000000000000000000000000000000000000000000000000000000000000000000000000000000000000000000000000000000030000000000000000000000000000000000000030000000000001
13000000000000000000000000000000000022200000002202200222200000000000000000000000000000000000000000000000000000000000000000000000000000000000000000000000000000000000000000000000000000000000000000000001
10000000000000000000000000000000000022200000002200000222200000000000000000000000000000000000000000000000000000000000000000000030000000000000000000000000000000000000000000000000000000000000000000000001
10000011111111111111111111111111000022200000000000000222200000001111111111111111111111111111111111111111111111111111111111111111000000000000000000000000000000000000001111111111111111111111111111000001
10000010000000000000000000003001000022200000000222000000000000000000000000000000000000000000000000000000000000000000000000000001000000000000000000000000000000000000001000000000030000000000000001000001
10000010000000000000000000000001000000000000000222000000000000000030000000000000000000000000000000000000000000000000000000000001000000000000000000000000000000000000001000000000000000000000000001003001
10000010000000000030000000000001000030000000000222000000000000000001111111111111111111111111111000000000000000000000000000000001000000000000000000000000000000000000001003000000000000000000000001000001
10000010003000000000000000000001000020000000000000000000000000000001000000000000000000000030001000000000002200000000000000000001000000000000000000000000000000030000001000000000000022200000000001000001
10000010000000000000000000000001000020000000000000030000000000001001000000000000000000000000001000000000002200000000200200000001000000300000000000000000000000000000001000000000000022200000000001000001
10000010000000000000000000000001000000000002200222022000000000001001000000000000000000000000001000000000302200000000200200000001000000000000000000000000000000000000001000000000000000002002220001000001
10300010000000000000000000000001000022000002200222022000022000001001000000000000000000000000001000000000000000000000000200000001000000000000000000300000000000000000001000000000000000002002223001000001
10000000000000000000000000000301000022000002200000000000022000001001000000000000000000000000001000000000000000000000000200000001000000000000000000000000000000000000001000000000000000000002220001000001
10000000000020022200000000000001000000000002200000000000000000001001000000000000000000000000000000000000000000000000000000000001000000000000000000000000000000000000001000000000000000002200000001000001
10000000000020022203000000000001000000000002200000000000022000001001000000000300000000000000000000000000000000000000020000000001000000000000000000000000000000000000001000000002222200302200000001000001
10000000000000022200000000000001000000000002200000000000000300001001000000000000000000000000000003020000000000030000020000000001000000000000000000000000000000000000001000000000000000000000000001000001
10000000000020022200000000000001000000000002200000000000000000001001000000000000000220000000000000020002200222200000020000000001000000000030000000000000000000000000001000000000000000000000000001003001
10000000000000000000000000000001000000000000000000000000022220001001000000000000000220000000000000020000000222200000020000030001000000000000000000000000000000000300001000003000000000000000000001000001
10000010000000000000000000000001000000000000000000000000000000001001000000222220000220000000000000020000000222200000020000000001000222220000000000000000000000000000001000000000000000000000000001000001
10000010000000022022200222200001000000030000000000000000000000001001000000222220000220003000001000020000000000000000000000000001000000000000000000000000000000000000001000000000000000000000000001000001
10000010000000022022200222200031000000000000000000000000000000001001000000000000000220000000001000000000000000000000030000000001002000000000000000030000000000000000001000000000000000000000000001000001
10000010000000000000000000000001000000000000000000300000000000001001000000000030000000000000001000000000030000000000000000000001002000002220022200000000000000000000001000000000000000000000000001000001
10000010300000000000300000000001000000000000000000000000000000001001000020200000000000000000001002222200000000000000000000000001002000002220022200000000000000000000001000000000000000000000000001000001
10000010000000000000000000000001000000002200000000000000000000001001000020000000000000000000001002222200000000000000000000000001002000000003022200000000000000000000001000000000000300000000030001000001
10000010000020000000000000222001000000002200000000000000000000001001003000000000000000000000001000000000000000000000000000000001002000002000022200000000000000000000001000000000000000000000000001000001
10000010000020000000000000222001000000002200000000000000000000001001000000000000200000000000001000000000000000002002202000000001000000000000022200000000000000000000001000000000000000000000000001000001
10000010000000000000000000222001000000002200000000000000000000001001000022000000200000000000001000000000000000002000000030000001000300000000000000000000000000000000001000000000222200000000000001000001
10000010000000000000000000000001000000000000000000000000003000001001000022000000200000000000001000000000000000002000000000002001000000000000000000000000000000000000001000000000000002222222000001000001
13000010000020000000000000300001000000000000000000030000000000001001000022000000200223000000001000000000000000002000000000002001000000000000000000030000000000000000001000000000000002222222000001000001
10000010000020000000000000222001000000000000000000000000000000001001000022000000000220000000001000000000030000000000000000002001000000000000000000000000000000000222001000000220222000000000000001000001
10000010000020000000000000222001000002220000000000000000022200001001000000000000000220000000001000000000000000000000000000002001000000000000000000000000000000000222001000000220222000000000000001000001
10000010000300000000000000000001003002220000000000000000000000001001000000000000220220000000001000000000000000000000022020002001000000000002202200222200000300000000001000000000000000003000000001000001
10000010000000000000000000200001000000000000220000000000000000031001000000000300000220000000031000000000000000032200022020000001000000000002202200222200000000000000031000000000000000000000000001300001
10000010000000000000000000000001000000000000220000000000000000001001000000000000000220000000001000000000000000002200000000000001000000000000002200222200000000000222001000000000000000000000000001000001
10000010000000000000000000000001000000000003000000000000002200001001000000000000000220000000001000000000000000002200000000300001000000000000000000000000000000000222001000000000000000222222200001000001
10000011111111111111111111111111000022222000220022222000002200001001000000000000000000000000001000000000000000002200000022220001000000000000000000000300000000000222001000000000000000000000000001000001
10000000000000000000000000000000000022222000000022222000002200001001000000000000000003000000001000000000000000002200000022220001002200222000000000000000000000000222001000000000000000000000000001000001
10000000000000000000000000000000000000000000000000000000002200001001000000000000000000000000001000000000000000002200000022220001000000222000000000000000000000000000001000000003000000000000000001000001
10000000000000000000000000000000000000000000000000003000000000001001111111111111111111111111111000000000000000002200000000000001002200222000000000000000000000000000001000000000000000000000000001000001
10000000000000000000000000000300000000000000000000000000000000001000000000000000000000000000000000000000000000000003000000000001002203222000000000000000000000000000001000000000000000000000000001000001
10000300000000000000000000000000000011111111111111111111111100001000000000000000000000000030000000000000000000000000000000000001000000000022222000000000000000000300001110000001111111111111111111000001
10000000000000000000030000000200000010000000000000000000000103001000000000300000000000000000000000000000003000000000000000000001000000000022222000000000000000000000000000000000000000000000000000000001
10000000000030000000000000000200000010000000000000000000000100001000000000000000000000000000000000000000000000000000000000000001000000000000000000000000000000000000000000000000000000000000000000300001
10000000000000000000000000000200000010000000000000000000000100001000000000000000000000000000000000011111111111111111111111111001000000222200000300000000000000000000000003000000000000000000000000000004
10000000000000000000000000000200000010000000000000000000000100001000000000000000000000000000000000010000000000000000000000001001000000000000000000000000000000000000000000000000000030000000000000000004
10000000000000000000000000000200000000000000000000000000000100001000000000000000000000000000000000010000000000000000000000001001000000000000000000220222032220000000001111111111111111111111111111000004
10000000000000000000000000000000000000000000000000000000000100001000000000000000000000000000000000010000000000000000000000001001000000000000000000220222002220000000001000000000000000000000000001000004
10000000000000000000000000000000000003000000003000000000000100001000000000000002200000000000000000010000000000000000000000001001000000000000000000000000002220000000001000000000000000000000000001000004
10000000000000000000000000000000000000000000000000000000000100001000000000000002200000000000000000010000000000000000000000001001000000300000000000000000000000000000001000000200000000000000000001000001
10030000000000000000000000000000000000000000000000000000000100001000000000220000000000000000300000010000000000000000000000001001000022000000000000000000000000000000301000000200000000000000000001000001
10000000220000000000000000000000000000000000000000003000000100001000000000220032220000030000000000010000000000000000000000001001000022000000000000000000000000000000001000000200000000000000000001000001
10000000220000000000000000000220220010000000000000000000000100001030000000220002220000000000000000010000000000002222000000001001000022000000000000000000000222200000001000000200000000000000000001000001
10000000000000000000000000003220000010000000000000000000000100001000000000220000000002220022222000010000000300002222000000001001000022000002222200000000000000000000001000000200000000000000000001000001
10000000220022200000000000000000000010000000000000000000000100001000000000220000000002220000000003010000000000000000000000001301000000000002222200300000000000000000001000000200030000000000000001000031
10000000220022200000300000000000200010000000000000000000000100001000000000000002220000000000000000010000000000000000000000001001000000000000000000000000000002220000001000300200000000000003000000000001
10000000220022200000200000000000200010000000000000000000000100001000000000000002220000000000000000010000000002202200000000001001000020200000000000000000000002220000001000000000000000000000000000000001
10030000000000000000200000000000200010000000300000000000000100001000000000000000000000002202200220010000000002202200000000001001000020000000000000000000000000000000001000022000000000000000000000000001
10000000000000000000200000000000000010000000000000000000000100001000000000003000002222002200000220010000000000002200000000001001000000030222200000000000003000000000001000022000000000000000000000000001
10000002222200000000200000000003000010000000000000000030000100001000000000000000002222000000000220010000000000000000000000001001000000000222200000000000002202200000001000022000000000000000000000000001
10000000000000000000200000000000000010000002222200000000000100001000000000000000000000022000000220010000000000000000000000001001000000000222200000000000002200000000001000022000000000000000000001000001
40000000000000000000000000000000000010000000000000000000000100001000000000000000000000022000000220010000000000000000000000001001000000000000000000000000000000022202001000022000000000000000000031000001
40000000000000000000000022222002200010000000000000000000000100001000000000000000202200022003000000010000000000000000000000001001000000000000000000000000000000022200031000000000000000000000000001000001
40000000000000000000000022222002200010000000000000000020000100001000300000000000002200022002000000010003000000000000000000001001000000000220220000000000000000000000001000000000000000000000000001000001
40000000000000000000000022222002200010000000000000000020300100001000000000000000002200000002000000010000000000000300000000001001000000000000220000000220000000000000001000000000000000003000000001000001
10000000000000000000000000000000000010300000000000000020000100001000000000000000000000000002000000010000000000022200000000001001000000000000000000000220000000022220001000000000000000000000000001000001
10000030000000000003000000000002000010000000000000000020000100001000000000000000000000000002000000010000000000000000000030001001000000000000000000000220000000022220001000000000000000022200000001030001
10000000000000000000000000000030000010000000000000000020000100001000000000000000000000000000000000010000000000000000000000001001000000000000000000030220000000022220001000000000000000022200000001000001
10000000000000000000000000000000000010000000000000000000000100001000000000000000300000000000000000010000000000000000000000001301000000000000000000000000000000000000001000000000202000022200000001000001
10000000000000000000000000000000000010000000000000000000000100001002200000000000000000030000000000000000000000000000000000001001000000000000000000000000000003000000001000000000002000022200000001000001
10000000000000000000000000000000000010000000000000000000000100001002200000000000000000000000000000000000000000000000000000001001000000000000000000000000000000000000001000300000000000022200000001000001
10000000000003000000000000002200000010000000000000000000000100301002200000000000000000000000000000000000000000000000000000001001003000000000000000000000000000000000001000000000000000000000000001000001
10300000000000000000000000002200000010000000000000000000000100001002200000000000000000000000000000000000000000000000000000001001000000000000000000000000000000000000001000000000002220000000000001000001
10000000000000000000000000002200000010000000000300000000000100001000000003000000000000000000000000010000000000000000000000001001000000000000000000000000000000000222001000000000002220020200000001000001
10000000000000000000000000002203000010000000000000000000000100001000000000000000000000000000000300010000000000300000000000001001000000000000000000000000000000000222001000000000002220020000000001000001
10000000000000000000000000002200000010000000000000000000000100001000000000000000000000000000000000010000000000000000000000001001000000000000000000000000000000000222001000000000002220000000000001000301
10000000000000000000000000000000000010000000000000000000000100001000000000000000000000000000000000011111111111111111111111111001000000000000000022002000000000000000001000000000000000000000000001000001
10000000000000000000000000000000000010000000000000000000000100001000000000000000000000000000000000000000000000000000000000000001000000000000000000002000000000000000001000000000000000000000000001000001
10000000300000000000000032202000000010000000000000000000000100001000000000000000000000000000000000000000000000000000000300000001000000000000000020002300000000020220001000000000000030000000300001000001
10000000000000000000000002202000000011111111111111111111111100001111111111111111111111111111111111111111111111111111111111111111000000000003000000002000000000300000001111111111111111111111111111000001
10000000000000030000000000000000000000000000000000000000000000000000000000000000000000000000000003000000000000000000000000000000000000000000000000002000000000000000000000000000000000000000000000000001
10000000000000020220022220000000000000000300000000000000000000000000000000000000000000000000000000000000000000000000000000000000000000000000000000000000020000000000000000000000000000000000000000000001
10000000000000000000000000000000000000000000000000000000300000000000000300000000000000003000000000000000000000000000000000000000030000000000000000000000020000000000000000000000000000000000000000000001
10300000000000000000000000000000000000000000000000000000000000000000000000000000000000000000000000000000000000000000000000000000000000000000000000000000020000000000000000000000000000000000000000000001
10000011111111111111111111111111111111111111111111111111111100001111111111000001111111111111000000000000000000200300000000000000000000000000000000000000000000000000000000030000000000000000000000000001
10000010000000000000000000000000000000000000000000000000000100001000000000000000000000000001000000000030000000200002222000030000000000030000000000000000000000000000000000000000000000000000000000000001
10000010000000000000000000000000000000000000000000000000000100001000000000000000000000000001000000000000000000000000000000000000000000000002200000000000020220000000000000000000000000000022000000000001
10000010000000000000000000000000111111111111111111111111100100001000000000000000000000000001000000000000000200000000000000000000000000000002200000000300020220000000000000000000000000000022000000000001
10000010000000000000000000000000100000000000000000300000100100001000000022222003000002000001000000000000000200200000000000000000000000000002200000000000000000000003000002202200000000000022000000000031
10000010000000000000000003000000100000000000000000000000100100001000000022222000000002000001000000000000000200200000000000000000000000000002200000000000000000000000000202202200022222000000000000000001
10000010000000000000000000000000100000000000000000000000100100001000000000000000000002003001000000000000000000200000000000000000000000000002200000000000000020000000000200002200000000000000000000000001
10000010000000000000000000000000100000030000000000000000130100001000000000000000000002000001000000000000000000200000000000000000000000000002200000000002000020000000000200000000000000000000000000000001
10000010300000000000000000000000100000000000000000000000100100001030000000000000000000000001000030000000000000000000000000000000000000000002200000000002000020000000000200000000000000000000030000000001
10000010000000000000000000000000100000000000000000000000100100001000000002222200220000000001000000000000000000000000000000000000000000000000000030000002000000000202200200002222200000000000000000000001
10000010000000220000000000000000100000000000000002000000100100001000000000000000000000000001000000000000000000000000000000000000000030000000000000000002000000000000000000002222200000000000000000000001
10000010000000223000000000000000100000000000000000000000100100001000000000300000220000000001000000000000000000000000000000000000000000000000000000000002000000000000000000000000000003000000000000000001
10000010000000220000000000000000100000000000002002200000100100001000000000000000220000000001000000000000000000000000000000000000000000000003000000000002000000000002222200000000000000000000000000000001
10000010000000220000000000000000100000000000002032200000100100001000000000000000000003000001000000000000000002200000000000000030000000000000000000000002000030000000000000003000000000000000000000000001
10000010000000000000000000000000100000000000002002200000100100001000000000000000000000000001000000000000000002203000000000000000000000000000000000000000000000220220000000000000000000000000000000000001
10000010000000000000000003000000100000000000002000000000100100001000000000000000000000000001000000000000000002200000000000000000000000000000000000000000000000220220000000000000000000000000000000000001
10000010000000000000000000000000100000000000002000000000100130001000000000000000000000000001000000000000000002200000000000000000000000000022200000030000000000220000300000000000000000000000000000000001
10000010000000000000000000000000100000000000300000000000100100001000000000000000000000000001000000000000000002200000000000000000000000000000000000000000000000000000000000000000000000000030000000000001
13000010000200003000000000000000100000000000000000000000100100001000000000000003000000000001000000200000000000000000000000000000000000000000000000000000000000000000000000000000000000000000000000000001
10000010000200000000000000000000103000000000000000000000100100001003000000000000000000000001000000000030000000000000000000000000000000000022020000000000000000222220000000000000000000000000000000000001
10000010000200000000000000000000100000000000000000000000100100001000002220000000000000000001000000220000000000000000000000300000000003000000000000000000000000222220000000000000000000000000000000000001
10000010000000000000000000000000100000000000000000000000100100001000002220000000000000000001000000000000222002202200000000000000000000000000000000000000000000000000000000000000000220220000000202200001
10000010000000000000000000000000100000000222000000000030100100001000000000000000000000000001000030000000222002202200000000000000000000000000000000000000000300000000000000000000000220220000000202200001
10000010000000000000000000000000100000000000000000000000100100001000000000000000000000000001000000220000222002200000000000000000000000000000000000003000000000000000000000000000003220000000000000000001
10000010000000000000000000000000100000000000003000000000100100001000000000022220020000000001000000220000222000000000000000000000002220000000000000000000000000000030000000000000000000000000000000000001
10000010000000000000000022000000100000000000000000000000100100001000000000022220020000003001000000220000000000000000000000000000000000000000000000000000000000000000000002222000000000000000000222200001
10000010000000000000000022000000100000000000000000000000100100001000000000000300000000000001000000220000000000000000000000000222200000000000000000000000000000000000000000000000000222200000000000300001
10000010000000000000000022000000100000000000000000000000100100001000000000000000020000000001000000220003000000000000000000000000002200000000000000000000000000000000000000300000000222200000000000000001
10000010000000000000000022000000100000000000000000000000100100001000000000000000000000000001000000000000000000000000000000000000002200003000000000000000000000000000000000000000000000000000000000000001
10000010000000000000300022000000103000000000000000000000100100001000000000000000000000000001000000000000000000000000000300000000302200000000000000000000000000020000000000000000000000000000000000000001
13000010000000000000000022000000100000000000000000000300100100001000000000000000000000000001000000000000000000030000000000000000000000000000000000000000000000020000000000000000000200000000000000000001
10000010000000000000000022000000100000000000000000000000100100001002222200000000000000000001000000000000200000000000000000000000002000000000000000000000000000020000000000000000000200000000000000000001
10000010000000000000000000000000100000000030000000000000100100001000000000000000000000000001000000000000200000000000000000000000000000000000000000000000000000020000000000000000000200000300000000000001
10000010000000000000000000000000100000000000000000000000100100001000000000000000000000000001000000000000200000000000000000000000000000000000000000000000000000020000000000000000000000000000000000000001
10000010000000000000000000000000100000000000000000000000100100001000000000220000000003000001000000003000200000000000000002000000000000000000000000000300000000000000000000030000000000000000000300000001
10000010000300220000000000000000100000000000000000000000100100001000000000220000000000000001000000000000200000000000300002000000000000000000000000000000000000000000000000000000220220000000000000000001
10000010000000220000000000000000100000000000000000000000000100001300222220220000000000000001000000000000000000000000000002000000222002220220000000000000000000022300000000000000220220000000000000000001
10000010000000220000000000003000100000000000000000000000000100001000222220220000000000000001000000000000000000000000000000000000222002220220002222000000000000022000000000000000000220000000000000000001
10000010000000220000000000000000100000000000000000000000000100001000000000220000000000000001000000000000000000000000000000000000000000000000002222000000000000022000022200000000000000000000000000000001
10000010000000220000000000000000100000000000000000000000000100001000000000220000022022000001000000000000003000000000000000000000000000000000302222000000000000000000022200000000000000000000000000000001
10000010000200000000000000000000100000000000000000000000000100001000220000220000000022000001300000000000002000000000000000000000000000000000000000000000000000000000000000000000000000000000000000000001
10000310000200022000000000000000100000000003000000000300000100001000220300000000030000000001000000000000002000000000000000000000000000000000000000000000000000000000000000000000000000000000000000000001
10000010000200022000000000000000100000000000000000000000100100001000220000000000022000000001000000000000002000000000000000002000003000000000002200000000000000000000000000000000000000200000000220000001
10000010000000022300000000000000100000222220022020000000100100001000000000000220022000000001000000000000002000000000000300002000000000000000000000000000000000000000000000000000000000000000000220030001
10000010000000022000000000000000100300000000022000000000100100001000000000000220022000000001000000000000000000300000000000002000000000000000000000000000000300000022020000000003000000220000000220000001
10000010000200022000000000000000100000000000022000000000100100001000000000000220022000000001000000000000000000000000000000000000000000000000000000000022222000000022023000000000000000000000000220000001
10000010000200022000000000000000100000000000000000000000100100001000000000000220022000000001000000000000000000000000000000000000000000000300000000030000000000000000000000000000000000000300000220000001
10000010000000022000000000000000100000000000000000000000103100001000000000000000000000000001000000000000000000002000000000000000000000000000000000000000000000000000000000000000000000222220000000000001
10000010000000000000000000000000100000000000000000000000100100001000000000000000000000000001000000000000000000002000000000000000000000000000000000000000000000000000020000000220000000000000000000000001
10000010000000002000000000000000100000000000000000000000100100001000000003000000000000030001000000000300000000002000000000000000000000000000000000000000000000000300020000000220000000000000000000000001
10000010000003002000000000000000100000000000000000000000100100001000000000000000000000000001000000000000000000002000000000000000000000000000000000000000000000000000020000000000000000000000003000000001
10000310000000002000000000000000100000000000000000000000100100001111111111111111111111111111000000000000000000000000000000000000000000000000000000000000000000000000000000000220000000000000000022000001
10000010000000000000000000000000111111111111111111111111100100000000000000000000000000000000000000000000000000000000000000000000000000000000000000000000000000000000000030000220000000000000000022000001
10000010000000000000000000300000000000000300000000000000000100000000300000000000000000000000000000000000000002202000000000000000000000000000000000000000000000000000000000000220000000000000000022000001
10000010000000000000000000000000000000000000000000000000000100000222222200000000000000000000000000000000000002202000000000003000000000030000000000000000000000000000000000000000000000002222000000000001
10000010000000000000000000000000000000000000000000000000000100000000000000000000000000000000000000000000000000000000000000000000000000000000002200200000000000000000000000000000000000300000000000000301
10000010000000000000000000000000000000000000000000000000030100202000000000000000000000000000000200000000000000000000000000000000000000000000002200203000000000000000000000000222000000000000000022000001
10000010011111111111111111110000000000000000000000222222200100200000000000000000000000000000000200000000000300000200000000000000000000000000002200000000000000000000000000000222000000000000000022000001
10000010010000000000000000010000000000000000000000000000000100000000000000000000000000030000000200000000000000000200000000000000000000000000000000220000000000000000000000000222000000000000000022000001
10000010010000000030000000010000003000000000000022200222000100000000003000000000000000000000000200000000000000000200300000000000000000000000000000220000000003000000000000000222000000000000000000000001
10000010010002200000000000010000000000000000003022200222000100222000000000000022000000000000000200000222220000000000000000000000003000000000300000000000000000000000000000000222000000000000000022000001
10000010010002200000000000010000000000000000000022200000000100000000000000000022000000000000000000000222220000000000000000000000000000000000000000000000000000000000000000000000000000000000000022000001
10000010010002200000000000010000000000000000000022200000000100000000000000000022000000000020000000000000000000000000000000000000220000000000000000000000000000000000000000000000300000000000000000000001
10003000010002200000000000010000000000000000000000000000000100000000000000000022000000000020000000000000000000000000000000000000220011111111111111111111111111111111100000000000000000003000000000000001
10000000010002200000000000010000000000000000000000000000000100002200200000000022000000000020000000000030002200000000000000000000220010000000000000000000000000000000100000000000000000002022000000000001
10000000010000000000000000010000000000000000000000000000000100302200200000000000000000000020000000000000002200000000000000003000000010000000000000000000000000000000100000000000000000000000000000000001
10000000010000000000000000010000000000022000000000000000000100002200000000000000000000000020000000000000000000000000000000000000000010000000000000000000000300000000100000000000000000000000000000000001
10000000010000000000000000010000000000022000003000000000000100000000220000000000000000000000000000000222002200000000000000000000000010000003000000000000000000000000100000000000000000000022220000000001
10000000010000000000000003010000000003022000000000000000000100000000220000000030000000000000000000000222000000000000000000000000000010000000000000000000000000000000100000000000000000000022220000000001
10000010010000000000000000010000000000022000000000000000000100000000000000000000000000000000000000000000000000300000000000000000000010000000000000000000000000000000100000000000000300000000000003000001
10000310010000000000000000010000000000000000000000000000000100000000000000000000000000000003000000000000000000000000000000002020000010000000000000300000000000000000100300000000000000000000002222200001
10000010010000000300000000010000000000000000002000000300000100000000000000200000000000000000000000000000000000000000000200002000000010000000000000000000000000000000100022200000000000000000002222200001
10000010010000000000000000010000000000000000002000000000000100000000000000200000000300000000000000000000000000200000000200000000000010300000000000000000000000000000100022200002222200000000000000000001
10000010010000000000000000010000000000000000002000000000000100000000000000200000000000000000000000000000000000200000000200000000000010000000000000000000000000000000100000000000000000000000000000000001
10000010010000000000000000010000000000000000000000200000000100000000000030000000000000000000000000000000000000200000000200002000000010000000000000000000000000000000100000000000000000000022002222200001
10000010010000000000000000010000000000000000000000200000000100000000000000000000000200200000000000000000000000200000000200002000000010000000000000000000300000000000100022220000000000000000002222200001
10000010010000000000000000010000000000000000000000200000000130000000000000000000200200202200000000000003000000200000000200302000000010000000000000000000000000030000100022220000000000000000000000000001
10000010010000000000000000010000000000030000000000200000000100000000000000000000200000202200000030000000000000200000000200002000000010000000000000000000000000000000100000000000000000222000000000000301
10000010010000000000000000013000000000000000000000200000000100000000000000000000200000002200000000000000000000200000000000002000000010000000002000000000000000000000100000000000000003222000000000000001
10300010010000003000000020010000000000000000000000200000000100000000000000000000200000002200000000000000000200000000000000000000000010002222002000030000000000000000100000000000000000000000000000000001
10000010010000000000000000010000000000000000000000200000000100000000000000000000200000002200000000000000000200000000000000000000000010000000002000000000000000000000100000000000000000000000000002220001
10000010010000000002220020010000000000000000000000000000000100000000000000000000000000002200000000000000000230000002222200000000000010000000002000000000000000000000100000000222000000000000000002220001
10000010010000000002220020010000000000000000000000000000000100000000000000000000000000002200000000000000000200000000000000000000000010000000002000220000000000000000100030000222000222002220200002220001
10000010010000000000000000010000000000000000000003000000000100000000000000000000222000000000000000000000000200000000000000000000003010000000000000220000000030000000100000000222000222002220000000000001
10000010010000000000000000010000000000000000000000000000000100000000000000030000222003000000000000000000000200000000000000000000000010000000000000220000000000000000100000000222000222000000000000000001
10000010010000000000000000010000000000000000000022200220000100000300000000000000000000002220000000000000000200000000000000000000000010000000300000220000000000000000100000000000000000000000000002220001
10000010010000000000000000010000000000003000000022200220000100000000222200000000000000002220000000003000000000000000002202200222000010000000000000220000000000000000100000000000000000000000000002220001
10300010010000000000000000010000000000000000000000000220000100000000000000000000000000000000000000000000000000000000002202200222000010000000000000000000000000000000100000220220000000000000000000000001
10000010010000000300000000010003000000000000000000000000000100000000000000000000000000000000000000002200000000000000000002200222000010020000000000003000000000220000100000220300000220220000000002200301
10000010010000000000000000010000000000000000000000000200000100000000000000000000000000000000000000002200000000000000000000000222000010020000000000000000000000220000100000000000000000220000000002200001
10000010010000000000000000010002200000000000003000000000000100000000000000000000000000000000000000002200000000000000000000000222000010020000000000000000000000220000100000000000000000000030000000000001
10000010010000000000200000010002200000000000000000000000000100000000000000000000000000000000000000000000000000300002202200000000000010020000000000002200000000220000100000000000000222200000000000000001
10000010010000000000200000010000000000000000000000000000300100000000000000000000000000000000022220000000000000000000002200000000000010020000022000002200000030220000000000000000000000000000000000000001
10000010010000000000200000010002002222200000000000000000000100000000000000000000000000000000022220002220000000000000000000000000000010000000022000002200000000000000000000000000000000220020220000000001
10000010010000000000000000010002000000000000000000000000200100000000000000000000000000000300000000002220000000000002222000200222200010000000000000002200000000000000000000000000000000220020220000000001
10000010010000000000000000010000030000002222200000000000200100000000000000000000000000000000000000002220000000000000000030200222200010000220022300002200000000000000000000000000000000220000000000000001
10000010010000000000000000010000000000000000000000000000200100222002000000000000002200220000020220002220000000000000000000000222200010000220022000000000000000000000000000000022200000000000000000000001
10030010010032220020000000310000000000000000000000000000000100222002000000000000002200220000020220002220000000220000000000000000030010000220022000000000000000000000130000000000000000000000000000000001
10000010010002220020000000010000000000000000000000000000000100000002000000000000002200220000000000000000000000220000000000000000000010000220000000000000000000000000100000000000222220030000000000000001
10000010000002220000000000010000000000000000000000000000000100003000000000000000000000220000000003000000000000220000000000000000000010000000000000000000000000002000100000000000222220000000000000000001
10000010000000000022000000010000000000002220000000000000000100000000000000000000000000220000000000000000000300220000000000000000000010000220220000000003000000002000100022222220000000000000000000000001
10000010000000000022000000010000000000002220000300000000000100022002202000000030000000300000000000000000000000000030000000000000000010000220220000000000000000002000100022222220000000000000000000000301
10000010000000000000300000010000000000000000000000000000000100022000000000000000000000000000000000000000000000000000000000000000000010000220000000000000000000002000100000000000000000000000000000000001
10000010000000000000000000010000000000030000000000000003000100022000002000000000000000000000000000000000000000000000000000000000000010000000003000000000000000002000100000000000000000000000000000000001
10000010000000000000000000010000000000000000000000000000000100022000002000000000000000000000000000000000000000000000000000002200000010000000000000000000000000000000100000000000000300000000030000000001
13000010011111111111111111110000000000000000000000000000000100000000002000000000000000000002200000000003000000000000000000002200000010000222220000000000000000000000100000000000000000000000000000000001
10000010000000000000000000000000000000000000000000000000000100000000000000000000000000000002200000000000000000000000000000002200000010000000000000030000000000000000100000000222220022022000000000000001
10000010000000000000000000000000000000000000000000000000000100000000000000000000000000000000030000000000000000000000000000002200000010000000000000000000000000000000100000000222220022022000000000000001
10000011111111111111111111111111111111111111111111111111111100000000002200000000000002222002000000000000000000000000000000002230000011111111111111111111111111111111100000000000000022000000000000000001
10000000000000000000000000000000000000000000000000000000000000000000000000000000000002222002000000000000000000003000000000000000000000000000000000000000000000300000003000000000000000000000000000000001
10000000000000000000000000000030000000000000000000000000000000000000000000000000000000000000000000000000000000000000000000000000000000000000000000000000000000000000000000000000000000000000000000000001
10000000000000000000030000000000000000000000000000000000000000000000000003000000000003000000000000000030000000000000000000000000000000000000000000000000000000000000000000000000000000000000000000000001
10000000000000000000000000000000000000000000000000000000000000000000000000000000000000000000000000000000000000000000000000000000000000000000000000000030000000000000000000000000000000000000000000000001
10000000000300000000000000000000000000000000000000000000300000000000000000000000000000000000000000000000000000000000000300000000000000003000000000000000000000000000000000000000000000000030000000000301
11111111111111111111111111111111111111111111111111111111111111111111111111111111111111111111111111111144444441111111111111111111111111111111111111111111111111111111111111111111111111111111111111111111
