11111111111111111111111111111111111111111111111111111111111111111111111111444444411111111111111111111111111111111111111111111111111111111111111111111111111111111111111111111111111111111111111111111111
10000000000000000000000000000000000000000000000000000000000000000000000000000000000000000000000000000000000000000000000000000300000000000000000000000003000000000000000000000000000000000000000000000001
10000000000000000000000003000000000000000000000000030000000000000000000000000000300000000000000000000000003000000000000000000000000000000000000000000000000000000000000000000000000000000000000000000001
10000000000000000000000000000000000000000000000000000000000000000030000000000000000000000300000003000000000000000000000000000000000000000000000000000000000000000000000000003000000000000000000000000001
10000003000000030000000000000000000022200000002202200222200000000000000000000000000000000000000000000000000000000000000000000000000000000000000000000000000000000000000000000000000000000000300000000001
10000000000000000000000000000000000022200300002200000222200000000000000000000000000000000000000000000000000000000000000000000000000000000000000000000000000000000000000000000000000000000000000000000001
10000011111111111111111111111111000022200000000000000222200000001111111111111111111111111111111111111111111111111111111111111111000000000000000000000000000000000000001111111111111111111111111111000001
10000010000000000000000000000001000022200000000222000000000000000000000000000000000000000000000000000000000000000000000000000001000000000300000000000000000000000000001000000000000030000000000001000001
10000010000000000000000000000001000000000000000222000000000000000000000000000000000000000000000000000000000000000300000000000001000000000000000000000000000000000000001000000000000000000000000001000001
10000010000000000000000000000001000000000000000222000000000000000001111111111111111111111111111000000000000000000000000000000001000000000000000000000000000003000000001000000000000000000000000001000001
10000010000000000000000000000001000020000000000000000000000000000001000000000000000000000000001000000000002200000000000000000031000000000000000000000000000000000000001000000000000022200000000001000001
10000010000000000000000000000001000023000000000000000000030000001001000000000000000000003000001000000000002200000000200200000001000000000000000000000000000000000000001000000000000022200000000001000001
10000010000003000000000000000001000000000002200222022000000000001001000000000000000000000000001000000000002200000000200200000001000000000000000000000000000000000000001000000000000000002002220001000001
10000010000000000000000000000001000022000002200222022000022000001001000000000000000000000000001000000000000000000000000200000001000000000000000000000000000000000000031000000000000000002002220001000001
10030000000000000000000000000001000022000002200000000000022000001001000030000000000000000000001000000000000000000000003200000001000000000000000000000000000000000000001000000000000000000002220001000031
10000000000020022200000000000001000000000002200000000000000000001001000000000000000000000000000000000000000000000000000000000001000000000000000000000000000000000000001000000000000000002200000001000001
10000000000020022200000000000031000000000002200000000000022000001001000000000000000000000000000000000000000300000000020000000001000000000000000030000000000000000000001000000002222200032200000001000001
10000000000000022200000000000001000000000002200000000000000000001001000000000000030000000000000000020000000000000000020000000001000000000000000000000000000000000000001000000000000000000000000001000001
10000000000020022200000000000001000000000002200000000000000000001001000000000000000220000000000000020002200222200000020000000001000000300000000000000000000000000000001000000000000000000000000001000001
10000000000000000000000300000001000000003000000000300000022220001001000000000000000220000000000300020000000222200000020000000031000000000000000000000000000000000000001000000000000000000000000001000001
10000010000000000000000000000001000000000000000000000000000000001001000000222220000220000000000000020000000222200000020000000001000222220000000000000000000000000000001003000000000000000000000001000001
10000010000000022022200222200001000000000000000000000000000000001001000000222220000220000000001000020000000000000000000000000001000000000000000000000000000000300000001000000000000000000000000001000001
10000010000000022022200222200001000000000000000000000000000000001001000000000000000220000000001000000000000000000000030000000001002000000000000000000000000000000000001000000000000000000000000001000001
10000010000000300000000000000001000000000000000000000000000030001001000000000000000000000000001000000000000000000000000000000001002000002220022200000000000000000000001000000000000000000000000001000001
10000010000000000000000000000001000000000000000000000000000000001001000020200000000000000000001002222200000000000000000000000001002000002220022200000300000000000000001000000000000000000000000001000001
10000010000000000000000000000001000000002200000000000000000000001001000020000000000000000000001002222200000000000000000000000001002000000000022200000000000000000000001000000000000000000000000001000001
10300010000020000000000000222001000000002200000000000000000000001001000000000000003000000000001000000000000000000000000000000001002000002000022200000000000000000000001000000000000000000000000001000001
10000010000020000000000000222001000000002200000003000000000000001001000000300000200000000000001000000000000000002002202000000001000000000000022200000000000000000000001000000000000000000000000001000301
10000010000000000000000000222001000000002200000000000000000000001001000022000000200000000000001000000000300000002000000000000001000000000003000000000000000000000000001000000000222200000000000001000001
10000010000000000000000000000001000000300000000000000000000000001301000022000000200000000000001000000000000000002000000000002001000000000000000000000000000000000000001000000000003002222222000001000001
10000010000020030000000000000001000000000000000000000000030000001001000022000000200220000300001000000000000000002000000000002001000000000000000000000000000000000000031000000000000002222222000301000001
10000010000020000000000000222001000000000000000000000000000000001001000022000000000220000000001000000000000000000000000000002001000000000000000000000000000000000222001000000220222000000000000001000001
10000010000020000000000000222001000002220000000000000000022200001001000000000000000220000000001000300000000000000003000000002001000000000000000000000000030000000222001000000220222000000000000001000001
10000010000000000000000000000001000002220000000000000000000000001001000000000000220220000000001000000000000000000000022020002001000000000002202200222200000000000000001000000000000000000000000001000001
10000010300000000000000000200001000000000000220000000000000000001001000000000000000220000000001000000000000000002200022020000001000300000002202200222200000000000000001000000000000000000000000001000001
10000010000000000000003000000001000000000000220000000000000000001301000000000000000220000000001000000000003000002200000000000001000000000000002200222200000000000222001000000000000000000000000001000001
10000010000000000000000000000001000000000000300000000000002200001001000000000000000220000000001000000000000000002200000000000001000000000000000000000000000000000222001000000000000000222222200001000001
10000011111111111111111111111111000022222000220022222000002200001001000000000000000000000000001000000000000000002200000022220001000000000000000000000000000000000222001000000000000000000000000001000001
10000000000000000000000000000000000022222000000022222000002200001001000000000000000300000000001000000000000000002200000022220001002200222000000300000000000000000222001000000000000000000300000001000001
10000000000000000000000000000000000000000000000000000000002200001001000000000000000000000000001000000000000000002200000022220001000000222000000000000000000000300000001000000003000000000000000001000001
10300000000000300000000000000300000000000000000000000030000000001001111111111111111111111111111000000000000000002200000000000001002200222000000000000000000000000000001000000000000000000000000031000001
10000000000000000000000000000000000000000000000000000000000000001000000000003000000000000030000000000000000000000000000300000001002200222000000000000000000000000000001000000000000000000000000001000001
10000000000000000000000000000000000011111111111111111111111100001000000000000000000000000000000000000000000000000000000000000001000000000022222000000000000000000000001110000001111111111111111111000001
10000000000000000000000000000200000010000000000000000000000100001000000000000000000000000000000000000000000000000000000000000001000003000022222000000000000000000000000000000000000000000000000000000001
10000000000000000000000000000200000010000000000000000000000100001000000000000000000000000000000000000000000000030000000000000001000000000000000000000000000000000000000300000000000000000000000000000001
10000000000000000000000000000200000010000000000000000000000100001000000000000000000000000000000000011111111111111111111111111001000000222200000000000000000000000000000000000000000000000000000000000004
10000000000000000000000000000200000010000003000000030000000100001000000000000000000000000000000000010003000000000000000000001001000000000000000000003000000000000000000000000000000000000300000000000004
10000000000000000000000000000200000000000000000000000000000103001000000000000000000000000000000000010000000000000000000000001001000000000000000000220222002220000000001111111111111111111111111111000004
10000000000000000000000000000000000000000000000000000000000100001000000000000000000000000000000000010000000000000000000000001001000000000000000000220222002220000000001000000000000000000000000001000004
10000000003000000000000000000300000000000000000000000000000100001000000000000002200000000000000000010000000000000000000000001001000000000000000000000000002220000000001000000003000000000000000001000004
10000000000000000000000000000000000000000000000000000000000100001000300000000002200000000000000000010000000000000000000000001001300000000000000000000000000030000000001000000200000000000000000001000001
10000000000000000000000000000000000000000000000000000000000100001000000000220000000000000000003000010000000000000000000000001001000022000030000000000000000000000000001000000200000000000000000301000001
13000000220000000000000000000000000000000000000000000000000100001000000000220002220300000000000000010000000000000003000000001001000022000000000000000000000000000000001000000200000000000000000001000001
10000000220000000000003000000220220010000000000000000000000100001000000000220002220000000000000000010000000000002222000000001001000022000000000000000000000222200000001000000200000000000000000001000001
10000000000000000000000000000220000010000030000000000000000100001000000000220000000002220022222000010000000000002222000000001001000022000002222200000000000000000000001000000200000000000000000001000001
10000000220022200000000000000000000010000000000000000003000100001000000000220000000002220000000000010000030000000000000000001001000000000002222200000000000000000000001000000200000000000000000001000031
10000000220022200000000000000000200010000000000000000000000100001000000000000002220000000000000000010000000000000000000000001001000000000000000000000000000002220000031000000200000000000000000000000001
10000000220022200000200000000000200010000000000000000000000100001000000000000002220000000000000000010000000002202200000000001001000020200000000000000000000002220000001000000000000000000000000000000001
10000000000000000000200000000000200010000000000000000000000100001000000000000000000000002202200220010000000002202200000000001301000020000000000000000000000000000000001000022000000000000000000000000001
10000000000000000000200000000000000010000000000030000000000100001000000000000300002222302200000220010000000000002200000000001001000000000222200000000030000000000000001000022000003000000000000000000001
10000002222200000000200000000000000010000000000000000000000100001000000000000000002222000000000220010000000000000000000000001001000000000222200000000000002202200000001000022000000000000000000000000001
10000000000000000000200000000000000010000002222200000000000100001000000000000000000000022000000220010000000000000000000000001001000000000222200000000000002200000000001000022000000000000000003001000001
40000000000030000000000000000000000310000030000000000000000100001000000000000000000000022000000220010000000000000000000000001001000000000000000000000000000000322202001000022000000000000000000001000001
40000000000000000000000022222002200010000000000000000000000100001000000000000000202200022000300000010000000000000000000000001001000000000000000000000000000000022200001000000000000000000000000001003001
40000000000000000000000022222002200010000000000000000020000100001003000000000000002200022002000000010000000000000000000000001001000000300220220000000000000000000000001000000000000000000000000001000001
43000000000000000000000022222002200010000000000000000020000100001000000000000000002200000002000000010000000000000000000000001001000000000000220000000220000000000000001000000000000000000000000001000001
10000000000000000000000000300000000010000000000000000020000100001000000000000000000000000002000000010000000000022200000000001001000000000000000000300220030000022220001000000000000000000000000001000001
10000000000000000000000000000002000010000000000000000020003100001000000000000000000000000002000000010000000000000000000030001001000000000000000000000220000000022220001300000000000000022200000001000001
10000000000000000000000000000000000010000000000000000020000100001000000000000000000000000000000000010000300000000030000000001001000000000000000000000220000000022220001000000000000030022200000001000001
10000000000000000000000000000000000010300000000000000000000100001000000000000000000000000000000000010000000000000000000000001001000000000000000000000000000000000000001000000000202000022200000001000001
10000000000000000300000000000000000010000000000000000000000100001002200000000000000000000000000000000000000000000000000000001001000000000000000000000000000000000000001000000000002000022200000001000001
10000000000000000000000000000000000010000000000000000300000100001002200000000000000000000000000000000000000000000000000000001001300000000000000000000000000000000000001000000000000000022200000001000001
10000000000000000000000000002200000010000000000000000000000100001002200000000300000000000000000000000000000000000000000000001001000000000000000000000000000000000000001000000000000000000000000001000001
10000000000000000000000000002200000010000000000000000000000100001002200000000000000000000000000000000000000000000000000000001001000000000000000000000000000030000000001000000000002220000000000001000001
10000000000000000000000000002200000010000030000000000000000100001000000000000000000000000000000000010000000000000000000000001001000000000000000000000000000000000222001000000000002220020230000001000001
10000000030000000000000000002200000010000000000000000000000100001000000000000000000000000000000000010000000000000000003000001001000000000000300000000000000000000222001000000000002220020000000001000001
10000000000000000000000000002200000010000000000000000000000100001300000000000000000000000000000000010000000000000000000000001001000000000000000000000000000000000222001000000000002220000000000001000031
10000000000000000000000003000000000010000000000000000000000100001000000000000000000300000003000000011111111111111111111111111001000000000000000022002000000000000000001000000003000000000000000001000001
10000000000000000000000000000000000010000000000000000000000100001000000000000000000000000000000000000000000000000000000000000001000000000000000000002000000000000000001000000000000000000000000001000001
10000000000000000000000002202000000010000000000000000000000100001000000000000000000000000000000000003000000003000000000000000001000000000000000020002000000000020220001000000000000000000000000001000001
10000000000000000000000002202000000011111111111111111111111100001111111111111111111111111111111111111111111111111111111111111111000000030000000000002000000000000000301111111111111111111111111111000001
10000000000000000000000000000000000000000000000300000000000000000000000000000000000000000000000000000000000000000000000000000000000000000000000000002000000000000000000000000000000000003000000000000001
10000000000000020220022220000000000000000000000000000000000000000000000000000000000000000000000000000000000000000000000000000300000000000000000003000000020000000000000000000030000000000000000000000001
10300000000000003000000000000000000000000000000000000030000000000000000000000000000000000000000300000000000000000000000000000000000000000000000000000000020000000000000000000000000000000000000000300001
10000000000000000000000000000000003000000000000000000000000000000000000000000000000000000000000000000000000000000000000000000000000000000000000000000000020000000000000000000000000000000000000000000001
10000011111111111111111111111111111111111111111111111111111100001111111111000001111111111111000000000000000000200000000000000000000000000000000000000000000000000000000000000000000000000000000000000001
10000010000000000000000000000000000000000000000000000000000100001000000000300000000000030001000000000000000000200002222000000000000000000000000000000000000000000000000000000000000000000000000000000001
10000010000000000000000000000000000000000000000000000000000100001000000000000000000000000001000000000000000000000000000000000000000000000002200000000000020220300000000000000000000000000022000000000001
10000010000000000000000000000000111111111111111111111111100100001000000000000000300000000001000000000000000200000000000000000000000000000002200000000000020220000000000000000000000000000022000000000001
10000010000000000000000000000000100000000000000000000000100100301000000022222000000002000001000000000000000200200000300000000000000000000002200000000000000000000000000302202200000000000022000000000001
10000010000000000000000000000000100000000030000000000000100100001000000022222000000002000001000000000000000200200000000000000000000000000002200000000000000000000000000202202200022222000000000300000001
10003010000000000000000000300000100000000000000000000000100100001000000000000000000002000001000000000300000000200000000000000000000000000002200000000000000020000000000200002200000000000000000000000001
10000010000000000000000000000000103000000000000000000000100100001000003000000000000002000001000000000000000000200000000000000000000000000002200000300002003020000000000200000000030000000000000000000001
10000010000000003000000000000000100000000000000000000000100100001000000000000000000003000001000000000000000000000000000000003000000000000002200000000002000020000000000200000000000000000000000000000001
10000010000000000000000000000000100000000000000000000030100100001000000002222200220000000001000000000000000000000000000000000000000003000000000000000002000000000202200200002222200000003000000000000001
10000010000000220000000000000000100000000000000002000000100100001000000000000000000000000001000000000000000000000000000000000000000000000000000000000002000000000000000000002222200000000000000000000001
10000010000000220000000000000000100000000000000000000000100100001000000000000000220000000001000000000000000003000000000000000000000000000000000000000002000000000000000000000000000000000000000000000001
10000010000000220000003000000000100000000000002002200000100100001300000000000000220000000001000000000000000000000000000000000000000000000000000000000002000000000002222200000000000000000000000000000001
10000010000000220000000000000000100000003000002002200000100100001000000000000000000000000001000000000000000002200000000000000000000000000000000000000002000000000000000000000000000000000000000000000001
10000010000000000000000000000000100000000000002002200000100100001000000000000000000000000001000000000000000002200000000000000000000000000000000000000000000000220220000000000000000000000000000000000001
10000010000000000000000000000000100000000000002030000000100100001000000000000000000000000001000000000000000002200000003000000000000000000000000000000000000000220220000000000000000000000000000000000001
10000010000003000000000000000000100000000000002000000000100100001000000000000000000000000001000000000030000002200000000000000000000000000022200000000000000000220000000000000000000000000000000000000001
10000010000000000000000000000300100000000000000000000000100100001000000000003000000000000001000000000000000002200000000000000000000000000000000003000000000000003000000000000000300000000000000000000001
13000010000200000000000000000000100000000000000000000000100100001000000000000000000000000001000000200000000000000000000000000000000000000000000000000000000000000000000000000000000000000000000000000001
10000010000200000000000000000000100000000000000000000000100100001000000000000000000000000001000000000000000000030000000000000003000000000022020000000000000000222220000000000000000000000300000000003001
10000010000200000000000000000000100000000000000000000000100100001000002220000000000000000031000000220000000000000000000000000000000000003000000000000000000000222220000000000000000000000000000000000001
10000010000000000000000000000000100000000000000000000000100100001000002220000000000000000001000000000000222002202200000000000000000000000000000000000000000000000000000000000000000220220000000202200001
10000010000000000000000000000000100000000222000000000000100100001030000000000000000000000001000000000000222002202200000000000000000000000000000000000000000000000000000000000000000220220000000202200001
10000010000000000000300000000000100000000000003000000000100100001000000000000000000000000001000000220000222002200000000000000000000000000000000000000000000000000000000000000000000220000000000000000001
10000010000000000000000000000000100030000000000000000000100100001000000000022220020000000001000003220000222000000000000000000000002220000000000000000000000300000000003000000000000000000000000000000001
10000010000000000000000022000000100000000000000000000000100100001000000000022220023000000001000000220000000000000000003000000000000000000000000030000000000000000000000002222000000000000000000222200001
10003010000000000000000022000300100000000000000000000030100100001000000000000000000000000001000000220000000000000000000000000222200000000000000000000000000000000000000000000000000222200000000000000001
10000010000000000000000022000000100000000000000000000000100100001000000000000000020000000001000000220000000000000000000000000000002200000000000000000000000000000000000000000000000222200003000000000001
10000010000000000000000022000000100000000000000000000000100100001000000000000000000000000001000000000000000030000000000000000000002200000000000000000000000000000000000000000003000000000000000000003001
10000010000000000000000022000000100000000000000000000000100100001000000000000000000000000001000000000000000000000000000000000000002200000000000000000000000000020000000000000000000000000000000000000001
10000010000000000000000022000000100000000000000000000000100100001000030000000000000000000001000000000000000000000000000000000000000030000000000000000000000000020003000000000000000200000000000000000001
10000010000000030000000022000000100000000000000000000000100100001002222200000000000000000001000000000000200000000000000000000000002000000000000000000000000000020000000000000000000200000000000000000001
10000010000000000000000000000000100000003000000000000000100100001000000000000000000000000001000000000000200000000000000000000000000000000000000000000000000000020000000000000000000200000000000000000001
10000010000000000000000000000000100000000000000000000300100100001000000000000000000000000001000030000000200000000000000000000000000000000000000000000000000000020000000000000000000000000000000000000001
10000010000000000000000000000000100000000000000000000000100130001000000000220300000000000001000000000000200000000000000002000000000000000000000000000000000000000000000000000000000000000000000000000001
10000010000000220000000000000000100000000000000000000000100100001000000000220000000000000001000000000000200000000000000002000000000000000000003000000000000300000000000000000000220220000000000000000001
10000010000000220000000030000000100000000000000000000000000100001000222220220000000000000001000000000000000030000000000002003000222002220220000000000000000000022000000000000000220220000000000000000001
10000010003000220000000000000000100000000000000000000000000100001000222220220000000000000001000000000000000000000000000000000000222002220220002222000000000000022000000000000000000220000000300000000001
10000010000000220000000000000000100300000000000000000000000100001000000000220000000000000001000000000000000000000000000000000000000000000000002222000000000000022000022200030000003000000000000000000001
10000010000000220000000000000000100000000000000000000000000100001000000300220000022022300001000000000000000000000000000000000000000000000000002222000000000000000000022200000000000000000000000000000001
10000010000200000000000000000000100000000000000000000000000100001000220000220000000022000001000000000000002000000000000000000000000000000000000000000000000000000000000000000000000000000000000000000001
10000010000200022000000000000000100000000000000030000000000100001000220000000000000000000001000000000000002000000000000000000000000000000000000000000000000000000000000000000000000000000000000000000001
10000010000200022000000000000000100000000000000000000000100103001000220000000000022000000001000000000000002000000000000000002000000030000000002200030000000000000000000000000000000000200000000220000001
10000010000000022000000000000000100000222220022020000000100100001000000000000220022000000001030000000000002000000000000000002000000000000000000000000000000000000000030000000000000000000000000220000001
10000010000000022000000000000000100000000000022000000000100100001000000000000220322000000001000000000000000000000000000000002000000000000000000000000000000000000022020000000000000000220000000220000301
13000010000200022030000000000000100000000000022000000000100100001000000000000220022000000001000000000000000000000000000000000000000000000000000000000022222000000022020000000000000000000000000220000001
10000010000200022000000000030000100000000000000000000000100100001000000000000220022000000001000000000000000000000000000000030000000000000000000000000000000000000000000000000000000000000000000220000001
10000010300000022000000000000000100000000000000000000000100100001000000000000000000000000001000000000300000000002000000000000000000000000000000000000000000003000000000000000000030000222220000000000001
10000010000000000000000000000000100000000000000000000000100100001000000000000000000000000001000000000000000000002000000000000000000000000000000000000000000000000000020000000220000000000000000000000001
10000010000000002000000000000000100030000000000000000000100100001000000000000000000000000001000000000000000000002000300000000000000000000000030000000000000000000000020000000220000000000000003000000001
10000010000000002000000000000000100000000000000000000300100100001000000000000000000000000001000000000000000000002000000000000000000000000000000000000000000000000000020000000000000000000000000000000001
10000010000000002000000000000000100000000000003000000000100100031111111111111111111111111111000000000000000000000000000000000000000000000000000000000003000000000000000000000220000000000000000022000001
10000010000000000000000000000000111111111111111111111111100100000000003000000000000000000000000000000000000000000000000000000000000000000000000000000000000000000000000000000220000000000000000022000001
10003010000000000000000000000000000000000000000000000000000100000000000000000000000000000000000000000000000002202000000000000000000000000000000000000000000000000000030000000220000000000000000022000001
10000010000000000000000000000000000000000000000000000000000100000222222200000000000000000000000000000000000002202000000000000000000000000000000000000000000000000000000000000000000000002222000000000001
10000010000000000030000000000000000000000000000000000000000100000000000000000000000300000000000000000000000000000000000000000000000000000000002200200000000000000000000000000000000000000000000000000001
10000010003000000000000000000000000000000000000000000000000100202000000000000000000000000000000200000000000000000000000000000000000000000000002200200000000000000000000000000222000000030000000022000001
10000010011111111111111111113000000000000000000000222222200100200000000000000000000000000003000200000000000000000200000000000000030000000000002200000000000000000000000000000222000000000000000022000001
10000010010000000000000000010000000000000000000000000000000130000030000000000000000000000000000200000000000000000200000000000000000000000000000000220003000000300000000000000222000000000000000022000001
10000010010000000000000000010000000000000000000022200222000100000000000000000000000000000000000200000300000003000200000000000000000000000000000000220000000000000000000000000222000000000000000000000001
10000010010002200000000000010000000000000000000022200222000100222000000000000022000000000000000200000222220000000000000000000000000000000003000000000000000000000000000000000222000000000000000022000001
10000010010002200000000000010000000000030000000022200000000100000000000000000022000000000000000000000222220000000000000000000000000000000000000000000000000000000000000000000000000000000000000022000001
10000010010002200000000000010000000000000000000022200000000100000000000000000022000000000020000000000000000000000000000003000000220000000000000000000000000000000000000000000000000000000000000000000001
10000000010002200000000000010000000000000000000000300000000100000000000000000022000000000020000000000000000000000000000000000000220011111111111111111111111111111111100300000000000000000000000000000001
10000000010002200000000000010000000000000000000000000000000100002200200000000022000000000020000000000000002200000000000000000000220010000000000000000000000000000000100000000000000000002022000000000001
10000300010000000000000000010000000000000000000000000000000100002200200000000000300000000020000000000000002200000000000000000000000010000000000000000000000000000000100000000000000030000000000300000001
10000000010000030000000000010000000000022000000000000000000100002200000000000000000000000020000000000000000000000000000000000000000010000000000000000000000000000000100000000000000000000000000000000001
10000000010000000000000000010000000000022000000000000000030100000000220000000000000000003000000000000222002200000000000000000003000010000000000030000000000000000000100000000000000000000022220000000001
10000000010000000000000000010000000000022000000000000000000100000000220003000000000000000000000000000222000000000003000000000000000010000000000000000000000000300000100000000000000000000022220000000001
10000010010000000000000000010003000000022000000000000000000100000000000000000000000000000000000000000300000000000000000000000000000010000000000000000000000000000000100000000000000000000000000000000001
10000010010000000000000300010000000000000000000000000000000100000000000000000000000000000000000000000000000000000000000000002020000010000000000000000000000000000000100000000000000000000000002222200001
10000010010000000000000000010000000000000000002000000000000100000000000000200000000000000000000000000000000000000000000200002000000010000000000000000000000000000000100022200300000000000000002222200031
10000010010000000000000000010000000000000000002000000000000100000000000000200000000000000000000000000000000000200000000200000000000010003000000000000000000000000000100022200002222200000000000000000001
10000010010000000000000000010000000000000300002000000000000100000000000000200000000000000000000000000000000000200000000200000000000010000000000000000000000000000000100000000000000000000000000000000001
10030010010000000000000000010000000000000000000000200000000100000000000000000000000000000000000000000000000000200000000200002000000010000000000000000000000000030000100000000000000000003022002222200001
10000010010000000000000000010000000000000000000000200000000100000000000000000000300200200000000000000000003000200000000200302000000010000000000030000000000000000000100022220000000000000000002222200001
10000010010000000000000000010000000000000000000003200000000100000000000000000000200200202200000000000000000000200000000200002000000010000000000000000000000000000000100022220000030000000000000000000001
10000010010003000000000000010000000000000000000000200000000103000000000000000000200000202200000000000000000000200000000200002000000010000000000000000000000000000000100000000000000000222000000000000001
10000010010000000000000000010000003000000000000000200000000100000000000000000000200000002200000000000000000000200000000000002000000010000000002000000000000000000000103000000000000000222000000000000001
10000010010000000000000020010000000000000000000000200000000100000000000000000000200000002200030000000000000200000000000000000000000010002222002000000030000000000000100000000000000000000000000000000001
10000010010000000000000030010000000000000000000000200000000100000000000000000000200000002200000000000000000200000000000000000000000010000000002000000000000000000000100000000000000000000000000002220031
10000010010000000002220020010000000000003000000000000000000100000000000000000000000000002200000000000000000200000002222200000000030010000000002000000000000000000000100000000222000000300000000002220001
10000010010000000002220020010000000000000000000000000000000100000000000000000000000000002200000000000000000200000000000000000000000010000003002000220000000000000000100000003222000222002220200002220001
10000010010000000000000000010000000000000000000030000000000100000000000000000000222000000000000000000000000203000000000000000000000010000000000000220000000000000000100000000222000222002220000000000001
13000010010000000000000000010000000000000000000000000000000100000000000000000000222000000000000000000000000200000000000000000000000010000000000000220000000000000000100000000222000222000000000000000001
10000010010000000000000000010000000000000000000022200220000100000000000000000000000000002220000000000000000200000000000000000000000010000000000000220000000000000000100000000000000000000000000002220001
10000010010000000000000000010000000000000000000022200220000100000000222200000000000000002220000000000000000000000000002202200222000010000000000000220000000000000000100000000000000000000000003002220001
10000010010000000000003000010000030000000000000000000220000100000000000000000000000000000000000000000000000000000000002202203222000010000000000000000000000000000000100000220220000000000000000000000001
10000010010000000000000000010000000000000000000000003000000100000000000000000000000000000000000000002200000000000000000002200222000010020000000000000000000030220000103000220000000220220000000002200001
10000010013000000000000000010000000000000000000000000200000100000000000000003000000000000000000030002200003000000000000000000222000010020000000000000000000000220000100000000000000000220000000002200001
10000010010000000000000000010002200000000000000000000000000100000000000000000000000000300000000000002200000000000000000000000222000010020000000000000000000000220000100000000000000000000000000000000001
10000010010000000000200000010002200000000000000000000000000100003000000000000000000000000000000000000000000000000002202200000000000010020300000000002200000000220000100000000000000222200000000000000001
10000010010000000000200000010000000000003000000000000000000100000000000000000000000000000000022220000000000000000000002200000000000010020000022000002200000000220000000000000000000000000000000000000001
10000010010000000000200000010002002222200000000000000000000100000000000000000000000000000000022220002220000000000000300000000000000010000000022000002200300000000000000000000000000000220020220000000001
10000010010000000000000000010002000000000000000000000003200100000000000000000000000000000000000000002220000000000002222000200222200010000000000300002200000000000000000000000003000000220020220000000001
10000010010000000000000000010000000000002222200000000000200100000000000000000000000000000000000000002220000000000000000000200222200010000220022000002200000000000000000000000000000000220000000000000001
10000010013000000000000000010000000000000000000000000000200100222002000000000000002200220000020220002223000000000000000000000222200010000220022000000000000000000300000000000022200000000003000000000001
10030010010002220020000000010000000000000000030000000000000100222002000000000000032200220000020220002220000000220000000000000000000010000220022000000000000000000000100000000000000000000000000000000001
10000010010002220020000000010000000000000000000000000000000100000002000000000000002200223000000000000000000000220000000300000000000013000220000000000000000000000000100000000000222220000000000000000001
10000010000002220000000000010000300000000000000000000000000100000000000000000000000000220000000000000000000000220000000000000000000010000000000000003000000000002000100030000000222220000000000000000001
10000010000000000022000030010000000000002220000000000000000100000000000000000000000000220000000000000000000000220000000000000000000010000220220000000000000000002000100022222220000030000000000000000001
10000010000000000022000000010000000000002220000000000000000100022002202000000000000000000000000000000000000000000000000000000000000010000220220000000000000000002000100022222220000000000000000000000031
10000010000000000000000000010000000000000000000000003000000100022000000000000000000000000000000000000000000000000000000000000000000010000220000000000000000000002000100000000000000000000000000000000001
10000010000000000000000000010000000000000000000000000000000100022003002000000000000000000000030000000000000000000000000000000003000010000000000000000000000000302000100000000000000000000000000000000001
10000010000000030000000000010000000000000000000000000000000100022000002000000000000000000000000000000000003000000000000000002200000010000000000000000000000000000000100000000000000000000000000000000001
10000310011111111111111111110000000000000000000000000000000100000000002000003000000000000002200000000000000000000000000000002200000010000222220000000000000000000000100000000000000000000000000000000001
10000010000000000000000000000000000000000000000000000000000100000000000000000000000000000002200000000000000000000000000000002200000010000000000000000000000000000000100030000222220022022000000000000001
10000010000000000000000000000000000000000000000000000000000100000000000000000000000000000000000000000000000000000000000000002200000010300000000000000000000000000000100000000222220022022000000000000001
10000011111111111111111111111111111111111111111111111111111100000000002200000000000002222002000000000000000000000000000000002200000011111111111111111111111111111111100000000030000022000003000000000001
10000000000000000000000000000000000000000000000000000000000000000000000000000000000002222002000000000000000000000000000000000000000000000000000000000000000000000000000000000000000000000000000000000001
10000000000000000000000000000000300000000000000000000000000000030000000000000000000000000000000000000000000000000000000000000000000000000000000003000000000000003000000000000000000000000000000000000001
10000000003000000000000000000000000000003000000000000000000000000000000000000000000000000000000000003000000000000300000000000000030000000000000000000000000000000000000000000000000000000000000000000001
10000000000000000000000000000000000000000000000000000000300000000000000000000030000000000000000000000000000000000000000000000000000000000000000000000000000000000000000000000000000000000000000000000001
10000000000000000000003000000000000000000000000000000000000000000000000000000000000000000300000000000000000000000000000000030000000000000000000000000000000000000000000000000000000000000000000300000001
11111111111111111111111111111111111111111111111111111111111111111111111111111111111111111111111111111144444441111111111111111111111111111111111111111111111111111111111111111111111111111111111111111111
