11111111111111111111111111111111111444411111111111
10300000222222200003000000000002220000000000000001
10000000000000300000000000000000000000000003000001
10000000000000000000000030000003000032222200222001
10003000300000000000000000000000000000000000222001
10000000000000022000000000003000000000000000000001
10000011000011022300000000000000002222222000030001
10000010000001022000003000220000000000030000000001
10000013000001022000000000223202030000000000000001
13000010000001022000000000220200000000000000000001
10000010000001022000000000220000000000000000000001
10000010000031022000000000220000000000000000030001
10220013220001000000300000003222300000000030000031
10220010000001000000000000000222000030000002222201
10220010000001000000000000000000000000000000000001
10000010220001002000000030000000000000000002000001
10000013220031002311110000111111100000000002000001
13222010220001002010010000100300100300000002000031
10222010220001002000010000100000300000000302000001
10222310000001002000010030100000000000000000000001
10000010000031000000010000100000000000000000000001
10000010000001000300010000100000000000300000300001
10300010300001000000010000103000300000000000000001
10000010000001300000310000100000000000000000000001
10000311111111000011110000111111100000022222000001
10000000000000000000000003000000000000000300000001
10300000000000000000000000000000300000000000003001
10000000003000030000000000000000002203222220000001
10000000000000000000000000000000000000000000002001
10003011111111000011111111111111132201111111000001
10000010000001000310300000003000102201030001002001
10000010220001000010000000220000100001000001002001
10000000220031000010000000220000100001000000030001
10000000220001003010000000220000100001000000000001
10000000000001000010030003220003100001000000002221
10000003000001000010000000220000100001000300000031
10000000222001000010000000000000100031000000000001
10000000222001000010302222200030100001000000000001
13000010222001030010002222200000100001000001000001
10000010222001000010000030000000100001000001003201
10000310000001000010000000003000100001000001000201
10000010000301000010002220000000130001003001000201
10020010000001000010032220000000100001000001000201
10020011111111030011000003111111100031111111000001
10030000000000000000000000000000000000000000000001
10000000000222220000000000003000000000000000300031
10022220000000000000003000000000000000003000000001
10000000300000000000000000000000000030000000000001
13000000000000300000000000000300000000022222000001
11144411111111111111111111111111111111111111111111
