11111111111111111111111111111111111444411111111111
13000000222222200003000000000002220000000000000001
10000000300000000000000000000000000000000300000031
10000000000000000000000000000000000002222200222001
10030000000000300000000030000030000003000000222001
10000000000000022000000000000000030000000000000001
10000011000011022000000000000000002222222000000001
10000010030001022300030000220000000000000000000001
10000010000001022000000000223202000000300000000001
10300010000001322000000003220203000000000000030001
10000010000001022000000000220000000000000300000001
10000010003001022000000000220000000000000000000001
10220010220001000030000000000222000000000000000001
13220013000001000000000000000222300000000002222231
10223010000001000000000003000000000003000030000001
10000010220001002000000000000000000000000002000001
10000010220031002011110000111111100000000002000001
10222010220001002310010000100003100000000002000301
13222013220001002000310000100000000000000002000001
10222010000001002000010000100000000000030000000001
10000010000001000000010003100030000000000003000001
10000010000301000300010000100000000000000000000001
10000013000001000000010000100000000000000000000301
13000010000001000000010000100000000000000000000001
10000011111111000011110000111111130000022222000001
10000000000000000000000000030000000000000000300001
10003000000000003000000000000000000003000000000001
10000000300000000000000000000000002200222220000001
10000000000000000000000000000000030000000030002031
10000011111111000011111111111111102201111111000001
10000010000031000010000300000000102201000001002001
13000010220001000013000000220300100031000001302001
10000000220001000010000000220000100001000000000001
10000300220001000010000003220000100001000000000031
10000000000031000010000000220000100001000300002221
10000000000001000010000000220000100001000000000001
13000000222001000010300000003000103001000000030001
10000003222001300010002222200000100001300000000001
10000010222001000010002222200003100001000001000001
10000010222001000010000000000000100001000001000201
10000010000001000010030000003000100001000001000201
10000010030001000010002220000000130001030001030201
10023010000001003010002220000000100001000001000231
10020011111111000011000003111111100001111111000001
10000000000000000000300000000000000000000000000001
10000000000222220000000000000000000000000000000001
10022220000003000000000000000003000003000003000001
10300000030000000000000300030000000000000000000001
10000000000000000300000000000000000000022222000031
11144411111111111111111111111111111111111111111111
