11111111111111111111111111111111111444411111111111
10000000222222200030003000000032220030000300003001
13000000000300000000000000030000000000000000000001
10000000000000000000000000000000000002222200222001
10000003000000000000000030000000000000000000222001
10300000000000022000000000000000000000000000000001
10000011003011322000000000000030002222222300003001
10000010000001022003000000220000003000000000000001
10000010000001022000000300220202000000000000000001
10000310000001022000000000220200000000300000000001
10000010000301022000000000220000000000000300000001
10000010000001022000000000220000000000000000003001
10220010220001000000000000003222030000000000000001
10220010000001000000000000000222000000003002222201
10220010003001000003000030000000000000000000000001
10000010220001032000000000000000000000000002000001
10000310220001002011110000111111100300000002300031
13222010220001002010010000100300100000003002000001
10222010220001002000010003100000000000000002000001
10222010000301002000010000100000000000000000000001
10000010000001030000010000100000000000000003000001
10000310000001000003010000100003000030000000000001
10000010030001000000010000100000000000000000000031
10000010000001000000010000100000000000000000000001
10000011111111000011110003111111100000022222000001
10030000000000030003000000000003000000000000000001
10000000000000000000000000000000000300000000000031
10000000300000000000000000003000002200222220000001
10000300000000000000030000000000000000000030002001
13000011111111000011111111111111102201111111000301
10000010000001000010000000000000102201000001002001
10000010223001003010000030220000100001000001002001
10000000220001000010000000220300100031003000000001
10030000220001000010300000220000100001000000003001
10000000030001000010000000220000100001000000002221
10000000000001000010000000220000100001000000000001
10000000222001030010000000000000100001000030000001
10000000222001000010002222200000100001000000000031
10000010222001000010302222230003100001000001000001
10030010222301000010000000000000100001000301000201
10000010000001000010000000000000100301000001000201
10000010000001030010032220000000100001000001000201
10020010030001000010002220000030100001000001000201
10020311111111000011000003111111100001111111000301
10000000000000000000000000000000000000000000000001
10000000000222220000000000000000300000003000000001
10022220000000000000000000300000000030000000000001
10000000000000300003000000000000000000000000000031
13000000030000000000003000000000000000022222000001
11144411111111111111111111111111111111111111111111
