11111111111111111111111111111111111444411111111111
10003000222222230000000000003002220000000300000001
10000000000000000000000000000000000000000000030001
13000000000000000000300000000000300002222200222001
10000000000030000000000000000000000000300000222001
10000000000000022000000003000000000000000000000001
10000011000011022000000000000003002222222000000001
10000013000001022000000000220000000000000003000001
10003010000001022000000000220202000300000000000001
10000010000001022003000030220200000000000000000001
10000010000001022000000000220000000000300000003001
10030010000031022000000000220000000000000030000001
10220010220001000000000003000222000000000000000001
10220010300001000000000000000222030000000002222201
10220010000001000030000000000000000000030000000001
10000010220001002000003000000000000000000002300001
10000010220001302011110000111111100000000002000031
10222310223001002010010000100000100000000002000001
13222010220001002000010000100000000000000002000001
10222010000001002000010000100000000003000000000001
10000010000001003000310003100030000000000000000001
10000013000001000000010000100000000000000000300001
10300010000031000000010000100000000000000000000001
10000010000001000000010000100000000030000000000001
10000011111111000011110030111111130000022222000301
10000030000000000000300000000000000000030000000001
10000000000000003000000000000000000000000000000001
10000000003000000000000000000000002200222220300001
10000000000000000000000300003000000000000000002031
10030011111111000011111111111111132201111111000001
10000010300001000010000000000000102201000001002001
10000010220001030010000000220000100001300001002001
10000000220001000010000003220000100001000000030001
10000000220001000010000000220000100001000000000001
10003000003001000010000000220000103001000000002221
13000000000001000010300030220300100001000000000001
10000000222001003010000000000000100001000300000001
10000030222001000010002222200000100001000000300031
10000010222031000010002222200000100001000001000001
10000010222001000310000030003000100001000001000201
13000010030001000010000000000000100031000001000231
10000010000001000010002220000003100001000301000201
10020010000001300010002220000000100001000001000201
10020011111111000011300000111111100001111111003001
10000000000000000000000000300000000000000000000001
10000003000222220000000000000000000000000300000001
10022220000000000000000000000000000000000000000001
10000000000000000000000000000000000000000000000001
13000300000030000030000300000300000030022222000031
11144411111111111111111111111111111111111111111111
