11111111111111111111111111111111111444411111111111
10030000222222200000300003000002220000000000000001
10000000300000000000000000000000000000300000000301
10000000000000030000000000000000000002222203222001
10000000000000000000000000000000030000000000222001
10000000000000022000300000000000000000000000000001
10030011000011022000000000300000002222222000000001
10000010000001022000000000220003000000000030000001
10000010300031022000000000220202000000300000000001
10000010000001022000300000220200000000000000000301
10000310000001022300000000220300000000000000000001
13000010000001322000000000220000000000000030000001
10220010220001000000000000000222000000000000000001
10220010000001000003000000030222300030000002222231
10220310003001000000000030000000000000000000000001
13000010220001002000000000000000000000000002000001
10000010220001002011110000111111100000000002000001
10222010220001032010010000100000100000000002000031
10222310220001002000010000100000000000000302000001
10222010000001002003010003100000300000000000000001
10000010300001000000010000100000000030000000000001
10000010000001000000010000100000000000000000300001
10030010000031000000010000100000000000003000000031
10000010030001000300010000100000000000000000000001
10000011111111000011110300111111100000022222000001
10000000000000000000000000000003000030000000030001
10000000003000000000300000000000000000000300000001
10003000000000000000000000000000002200222220000001
10000000000000000300000003000300000000000000002001
10000011111111000011111111111111102201111111000301
13000013000001300010000000000000102201000001302001
10000010220001000010000000220000100001000001002001
10003000220001000010000000220300100031000000000001
10000000220301300013000030220000100001000000000001
10000000000001000010000000220000100001030000002221
10000030000001000010000000220000100001000000000031
10000000222001000010000000000000100001000000000001
10000000222001300010002222200003100001000003000001
10000010222001000010002222200000100001000001000001
10300010222001000010000003000000100001000001000201
10000010000001000013000000000000100031000001003201
10000010000001000010002220000000100001000001000201
10020010003001000010002220000030100001003001000201
10020011111111300011000000111111100001111111000301
13000000000000000000000030000000000000000000000001
10000000000222220000300000000000003000000000000001
10022220000000000000000000000000000000000000030001
10000000300000000000000300000000000000300000000001
10030000000000000300000000000030000000022222000001
11144411111111111111111111111111111111111111111111
