11111111111111111111111111111111111444411111111111
10000000222222200030003000000002220000000000000001
10000030000030000000000000000000000030000003000001
10000000000000000000000000000300000002222200222001
10000000000000000000000030000000000000000000222001
13000000000000022000000000000000000000003000000031
10000011000011022300000000000003002222222000000001
10000013000001022000000000220000000030000003000001
10000010000301022000000000220202000000000000000001
10000010000001022000000030223200000000000000000001
10000010000001022000000000220000300000000000000001
10030010000001022003000000220000000000030000030001
10220013220001000000000000000222000000000000000001
10220010000001000000000000000222000000000002222201
10220010000001000000000003000000300000000000000001
10300010220001002300030000000000000000300002000001
10000010220001002011110000111111100000000002000001
10222013220031002010010000100000100000000002000031
10222010220001002000310000100000000000000002000001
10222010000001002000010003100000000000000000000001
10300010003001000000010000100000030000000030000301
10000010000001000000013000100000000003000000000001
10000010000001000300010000103000000000000000000001
10000013000001000000010000100000000000000000000001
10000011111111000011110000111111100000022222300001
10030000000030000000000000000000000000000000000301
10000000000000000000030000000000000003000000000001
10000000300000000300000000000000002200222220000001
10000000000000300000000003000003000000000000002031
10000011111111000011111111111111102201111111000001
10000010000001000010000000003000102201300301002001
10000010220001000010000000220000130001000001002001
13000003220001000010000000220000100001000000030001
10000000220301000310000000220000100001000000000001
10000000000001000010000030220003100001000300002221
10000000000001000010000000220000100001000000000031
10000000222001000010000000003000100001000000300001
10000000222001000010032222200000100001300000000001
10000013222001000010002222200000100001000001000001
13000010222001030010000000000000100001000001000201
10000010000301000010000000003000100301000001000201
10000310000001000010002220000000100001000001300201
10020010000001000010032220000003100001000301000201
10020011111111000311000000111111100001111111000001
13000000003000300000000000000000000000000000003001
10000000000222220000000000000000000000000000000001
10022220000000000000030000300000030000300000000001
10000030000300000000000000000000000000000300000001
10000000000000003000000000000000000000022222030001
11144411111111111111111111111111111111111111111111
