11111111111111111111111111111111111444411111111111
10000000222222200000000000000002220000300000003001
10000000000000000000030000300000000000000000000001
10003000000003000000000000000030000002222200222001
10000000000000000000000000000000030000000000222001
10000000000000022000000000000000000003000000000301
10000011030011022000000000000300002222222003000001
10000010000001022000000000220000000000000000000001
10003010000001322000030000220202000300030000000001
10000010000001022000000000220200000000000000003001
10000010000001022000000000220030000000000000000001
13000010030001022000000003220000000000000000000001
10220010220001003000000000000222000000000030000001
10220010000001000000000000000222000030000002222201
10220310000001000000003000000000000000000000000001
10000010220001002000000000000300030000000002000301
10300010220301002011110000111111100000000002000001
10222010220001002010010000100000100000000302000001
10222010220001002000010000100000000030000002000001
10222013000001302000010030100000000000000000000001
10000010000001000000010000100000000000000000300031
10000010000001000000010000100000030000000000000001
13000010000001000000010000130000000000030000000001
10000310000031000030010000100000000030000000000001
10000011111111000011110000111111100000022222003001
10000000030000000000000000000000000000000000000001
10300000000000030000300000000000000000030000000001
10000000000000000000000000000000002200222223000001
10000000000000000000000003000030000030000000002001
10000011111111000011111111111111102201111111000001
13000010000001030013000000000000102201000001002031
10000013220001000010000000220000100001000301002001
10000000220301000010000003220000100001000000000001
10000000220001000010030000220030100301000000030001
10000000000001000010000000220000100001000000002221
10000000000001030010000000220000100001000000000001
10000030222001000010000300000000100001000000000301
13000000222001000010002222200000100001030000000001
10000010222001000010002222200000100301000001000001
10000013222001000010300000000300100001000001000201
10000010000001030010000000000000100001000031000231
10003010000001000010002220000000100001000001000201
10020010003001000013002220300000130001000001000201
10020011111111000011003000111111100001111111000001
10000000000000000000000000000000000003000000000301
10000000000222220030000000000000000000000000000001
10022220300000000000000000000000000000000000000001
10000000000000000000000000003000003000000003000001
10003000000003000300000000000000000000322222000001
11144411111111111111111111111111111111111111111111
