11111111111111111111111111111111111444411111111111
10300000222222200000003000300002220000000000000301
10000000003000000000000000000000000000300000000001
10000000000000000030000000000000030002222200222001
10000000000000000000000000000000000000000003222001
10000000000003022000000000300000000000000000000031
10003011000011022000000000000000002222222000000001
10000010000001022000000000220000000000000000000001
10000010000031022030000000220202300300000000300001
13000013000001022000000000220200000000000000000001
10000010000001022000000000220000000000003000000001
10000010000001022000000000220000000000000000000001
10220010220001000000003000000222000300000000000301
13220013000301030000000000300222000000000002222201
10220010000001000000000000000030000000000000000001
10000010220001002000000000000000000000000002000001
10000310220001002311110000111111100000000302000001
13222010220301002010013000100000100000000002000031
10222010220001002000010000100000000000000002030001
10222010030001002000010000103000000300000000000001
10000010000001000300010000100000000000030000000001
10000010000301000000013000100000000000000000000001
10000010000001000000010000100003000000000000000001
10300013000001000000010003100000000000000000000301
10000011111111000011110000111111100000022222000001
10000000000000000000300000000000000003000300000001
10000000000030000000000000000300000000000000000001
10000300000000003000000000000000002200222220000001
10000000000000000000000000300000030000000000002001
13000011111111000011111111111111102201111111000001
10000010000301000010000000000000102201000001032001
10000010220001030010000000220000100001000001002001
10000030220001000010300000220000130001000000000001
10000000220001000010000000223000100001030000000301
10000000000301000010000030220000100001000000002221
10000000000001000010000000220000100001000000000001
13000000222001000010000000000000100001300000000001
10000000222001000010002222200000100301000300000001
10000010222001030010032222200030100001000001000001
10000010222001000010000000000000100001000001030201
10000010000001000010000000000000100001000001000201
10000310000001000010302223000000100001030001000201
10020010003001000010002220000000100001000001000201
10020011111111003011000000111111100001111111000001
10000000000000000000000000000000000030000000300031
10000000000222220000300000000300300000000000000001
10022220000000000000000000000000000000000000000001
13000030000300030000000000300000000000000030000001
10000000000000000000003000000000000000322222000031
11144411111111111111111111111111111111111111111111
