11111111111111111111111111111111111444411111111111
10000000222222200003000000000002220030000000000031
10000000000000000000000000000300000000000000000001
10000030000300000000000030000000000002222200222001
13000000000000030000000000000000000000000000222001
10000000000000022000000000000000000000030000030001
10000011000011022000000000000000002222222000000001
10003010000001022030000000223000000000000000000001
10000010000301022000000003220202300300000000000001
10000010000001022000000000220200000000003000000001
10003010000001322000000000220000000000000000300001
10000010000001022000000300223000000000000000000001
10220010220001000000300000000222003000000000000001
10220010000001000000000000000222000000000002222231
10220010030001003000000000030000000000003000000001
10300010220001002000000000000000000000000002000001
10000010220001002011110000111111100000000002000001
10222010220001002010010003100000130000000002030001
10222010220301002000013000100000000000000002000001
13222010000001002000010000100000000003000000000001
10000310000001000000010000100000000000000030000001
10000010000001000003010000100000300000000000000001
10000010000301000000010000100000000000000000000301
10000010000001000000010000103000000000000000000001
10000311111111000011110000111111100300022222000001
10000000000000300000003000000000000000003000300001
13000000000000000000000000000003000000000000000001
10000000000000000000000000000000002200222220000301
10000300000000000300000003000000000000000030002001
10000011111111000011111111111111102201111111000001
10000010030001000010003000000030102231000001002001
10000010220001000010000000220000100001000001002031
10030000220001000310000000220000100001000000000001
10000000220001000010000000220000100001003003000001
10000000000001000010000000220000100001000000002221
10000000300001030010000000220000100001000000000001
10003000222001000010300003000000103001000000000031
10000000222001000010002222200030100001000000000001
13000010222001000010002222200000100001000301000001
10000010222001000010003000000000100001000001000201
10000310003001000310000000000000100031000001000231
10000010000001000010002220030000100001000001030201
10020010000001000010002220000000100001000001000201
10020011111111000011000000111111100001111111000001
10000000000000000000000000000000030003000300000001
10030000000222220300000000300000000000000000000001
10022220000000000000000000000000000000000000000001
10000000030000000000000300000003000000000000300031
13000000000000003000000000000000000300022222000001
11144411111111111111111111111111111111111111111111
