11111111111111111111111111111111111444411111111111
13000000222222200000000300000002223000000300000031
10000000000000000000000000000000000000000000000001
10000000000000030000000000000000000002222200222001
10030003000000000000000000003000000000000000222001
10000000000300022003000000000000000000000003000001
10000011000011022000000000000000002222222000000001
10000010000001022000000003220000000003000000000001
10030010000001022000000000220202000000000000030001
10000010003001022000000000220230000000000000000001
10000010000001022000000000220000003000000000000001
10000010000001022030000300220000000000000000000001
10220310220001300000000000000222000000000300000031
10220010000001000000000000000222000000000002222201
10220010003001000000000000000000300000000000000001
10000010220001032000300000000000000000000002000001
13000010220001002011110000111111100003000002000001
10222010220301002010010003100000100000000302000001
10222010220001002000010000100000300000000002030001
10222310000001002000010000100000000000000000000001
10000010000001003000010000100000000000000000000001
13000010300001000000010000130000000000000003000031
10000010000001000000010000100030000000300000000001
10000010000031000000010000100000003000000000000001
10000011111111000011110030111111100000022222030001
10000000000000000000030000000000000000000030000001
10000300000000000000000000003000000000000000000031
10000000030000000000000000000000002203222220000001
10300000000000300000000000000000000000000300032001
10000011111111000011111111111111102201111111000001
10000010000001000013000000003000102201000001002001
10000010220001000010000000220003100001000001002001
10000000220001000010000000220000100301000000300001
10030000223001300010000300220000100001000000000031
10000000000001000010000000220000100001000000002221
10000000000001000010000000220000100001000000000001
10000030222301000010300000000300100001000000000001
10000000222001003010002222200000100001030000000001
10000010222001000010002222200000100301000001000001
10000010222001000010000030000000100001000001003201
10000010300301000010000000000000100001000001000201
10300010000001000010302220000000100001003001000201
10020010000001300010002220030000100001000001000201
10020011111111000311000000111111100031111111000001
10000030000000000000000000000000300000000030000001
10000000000222220000000000000000000000000000000001
10022220000000000000000300000000000000000000030001
10300000000300000000000000000000000000003000000001
10000003000000003000000000000030000030022222000001
11144411111111111111111111111111111111111111111111
