1111111111111111111111111111111111111111111111111111111111111111111111111111111111111111111111111111
1000000000030000000000030000000000000000000030000000003000000000000000000000003000000300000030000001
1000000000000000000000000000000000000000000000000000000000000003000000022000000000000000000000000301
1000000000000000000000000003000000000000000000000000000000000000000000022000000000000000000000000001
1000000000000000000000000000000030000030000000000000000000000000000000022000000000000000000000000001
1000302200000000003000000000000000000000000000000000000003000000000000022003000000000000000000000001
1000002200011111111111111111000010000111000011111111111111111110000000000000000000000000000002202201
1000002200310000000000000000000010000100000030000300000000000010000000030000000000022000000002202231
1000000000010000000000030000000010000100000000000000000002220010000000000000000000322000030002200001
1000000000010000000000000000000010000100111111111111111102220010300000000000000000022000000000000001
1000000000010000000000000000030010000100100000000000000102220010000000000000000000022000000000000004
1000000000010003022022002000000010000103100000000000000102220010000000000000000000000000000002222004
1000000000010000022022002000000010000100000000002222203102223010000000000000000000000000000002222004
1000000000010000000022002000000010000100000000002222200100000010000000000003000000000000000200000004
1300000000010000000000002000000010000100000000002222200100000010000322220000000003000000000200300004
1000000000010000000000000000000010000100000000030000000102200010000022220000000000000000000200000001
1000000003010222000000000000300010000100102000000000000102200010000000000000000000000000000200000001
1000000000010222300000000000000010000100102000002200000102230010000000000000000000000000000200000001
1000000000010000000000000000000013000100102000002200000100000010000000000000000000000000000000000001
1000000000010000000000000000000010000100100003002200220102200010000000000000000300000000003000000001
1000000000010000002200000000000010000100100000000000220102200010000000002222000000000000000000000001
1300003000010000002230000000000010000100100000000000220100000010000000002222000000111111111111000001
1000000000010000000000000000000010000103100000000000000130000010030000000000000000100000000001000001
1000000000010000002200200000000010000100100000000003000100000010000000003000000000100300000001000001
1000000000010000302200200300030010000100100000000000000100000010000000002200000000100000000001003001
1020000000010000002200200000000010000100100000000000000100000010000000000000000000100000000001000001
1020000030010000000000200000000010000100100000000000000100003010000000002200000000100000000001000001
1020000000010000000000000000000010000100111111111111111100000010000000002200000000100000003001000001
1020000000011111111111000011111110000100030000000000300000000010000003000000300000100000000001000001
1020000000000000300000003000000000000100000000000000000000000010000111111111110000100300000001000001
1000000000000000000000002222200000000100000000000000000000000010000100000000010000100000000001300001
1003000020000000000000000000000003000100000000000000000000000010000100000000010030100000000001000001
1000000020000000000000000000000000000100000001111111100001110010000100000000010000100000000001000001
1000000020000000000001111100001110000103000001000000000000010010300100000000010000100000000001000001
1000000000000000220001300000000010000100000001000030000000310010000100000000010200100002200001000001
1000030000003000220001000000000010030100000001000000000000010010000100000000010200100002200001000001
1000000000000000220001000000000010000100000301000000000000010010000100300000010200100002200001000001
1000000000000000220001000000000010000100000001000222220000010010000100000000010000100002200001030001
1000000222220000003001000000000010000100000001000222220000010010000100000000010000103002200000000001
1000000000000000000001003000000010000103000001000000000000010010000100000020310000100000000000000001
1000000000000300000001000000003010000100000001000000000000010010000100000020010000100000000000000001
1000000220200002220001000000000010000100000001000000000000310010000100000020010000100000000000000001
1003000220000002220001000000000010000100000001000300000000010010000100000020010000100000000000000001
1000000220000000000001300000000010000100000031000000000000010010000130000020010000100000300001030001
1000000030000000000001000000000010000103000001000000000000010013000100000030010000100000000001000001
1000000000000000000001000000000010000100000001000000000000010010000100000000010000100000000001000001
1022200222200000000001000000000010000100000001000000000000010010000100000000010000100000000001000001
1022200222200000000001000000000010000100000001000000000000010010000100000000010030100000000001000001
1000000000000000000001030000000010000100000001000000000000010010000100000000010000100000000001000001
1022000000003000000001000000003010000100000001000002220000010010000100000000010000100030000001000001
1022000002222222000001000000000010000100000001000002223000010010000100000030010000100000000001000001
1300000002222222300001000000000010000100000001000000000000010010000100000000010000100000000001300001
1000000000000000000001000000000010220100000001000000000000010010000000000000010000100000000001000001
1000000000000000000001000000000010223100000001111111111001110010000000000000010030100000000001000001
1000030000000000000001000000000010220100000030000030000000000010000000000000010000100000000001000031
1000000000000000000001000000000010220100000000000000000000000010300000000000010000100003000001000001
1000000000000000000001111003111110220111111111111111111000011110000111111111110000111111111111000001
1002000000000000000000000000000000000003000000000000000030000000000000000000000000000000000003000001
1002000000030000000030000000000000000000000000000000000000000000000000000000000000000000000000000001
1000000000000000000000000000000000200000000000030000000000000000000000003000000030000000000000000001
1000000000000000000000000000000003200000000000000000000000003000000222220000000000000000000000000001
1002231111111000000111111111111110000111111111111111111000001110000222220022220000001100000111000031
1002201000000000000000000000000010220100000000000000000000000010000000000000000000001000000001000001
1002201000000000000000000003000010220100003000000000030000000010000000000000000000001000000001000001
1002201000300000011111111111110010000100000011111111111111110010003220220000000000001000000001000001
1030001000000000010000000000010010000100000010000000000000010010000220220000000000001000000001000001
1000001000000000010000000000010010000100000010000000000000000010000220000000000000001000000001300001
1000001000000000300002222200010010300100000010000000000000000010000000030222000000001030000001000001
1000001000000000000002222200010010000100000010000000000000000010000000000000000000001000000001000001
1000001000000000000002222200010010000100003010000000000000030010000000000000000000001000000001000001
1000001000000000000000000000010010000100000010000000000000010010000000000000003000001000000001002201
1000001000000300000000000000010010000100000010000003000000010010000000000000000000001000000001002201
1000031022000000010000000000010010020100000011111111111111110010000000000000000000001000000301002201
1000001022000000010000000000013010020100000000000000000000000010000030000000000000001000000001002201
1000001022000000011111111111110010020103000000000000000000000010000000000222222200001000000001000001
1000001022000000000030000000000010000100000030000000000000003010000000000000000000001111111111000301
1000001000030000000000000000000010000100000000000003000000000010000000000000000000000000000000000001
1000001000000000000000000300000010000100111111111111110000000010000000000000000000000000000000000001
1000001000000000000000000000003010000100100000000000010000000010000000000000000000022230000000000001
1000001001000011111111111000000010000100100000000000000000000010000000000000003000000000000000000001
1000001001000000003000001000000010300100100000000000000000000010000111111111111100000000000000000001
1000001001000000000000001000000010000100100000000000000000000010000100000000000100022200000000000301
1030001001000000000000001000000010000100100000002200003000000010000130000000000100022200000000000001
1000001001000000200222001000000010000100100000002200000000000010000000000000000100000000000000000001
1000001001000000200222001300000010000100100000002200010220000010222222200003000100022000000300002001
1000001001000300000222001000000010000130100000302200010220000010000000000000000100022000000000002001
1000001001000000200222001000000010000100100000002200010220000010000000000000000100000000000000002001
1000001001000000000222001000000010000100100000000000010220030010000000002222200100300000000000002001
1000001031000000000000001000000010000100100000000000010220000010030100003000000100000000000000002001
1000001001000000000000001000000010000100100300000000010220000010000100022220000102200000000000000001
1000001001111111111111111000300010000100111111111111110220000010000100022220000102200000000030000001
1030001000000000000003000000000013000100000000000000300000000010000100022220000102200000000000000001
1000001000003000000000000000000010000100000000000000000000000010000100000000000102200000000000000001
1000001111111111111111100001111110000111111111111111100000111110000111111111111102200000000000000001
1000000000000000000000000000000000000000000000000000000000000000000000000000000000000000000000000001
1000000000000000000000000000000000000000000000000000000000000000030000000000000000000000000000000001
1000000000000000000000000000000000000030000300000000000000000000000000000000000000000000000000000001
1000000000000000000000000000300000000000000000003000000000300000000000003000000000000003000000003001
1000030000000000000300000000000000000000000000000000000000000000000000000000003000000000000000000001
1111111111111111111111111111111111111111111111111111111111111111111111111111111111114444411111111111
