1111111111111111111111111111111111111111111111111111111111111111111111111111111111111111111111111111
1000000000000000000000000000000000000000000300000000000000000000000000300000000000300000000000000301
1000000000030000003000000000000000000000000000000000000000000000000000022000000000000000000000000001
1000000000000000000000000000000030000000000000000003000000300000000000022003000000000000000000000001
1000030000000000000000000000000000000300000000000000000000000000000000022000000000000000000000000001
1000002200000000000000000000000000000000000000000000000000000000000000022000000000000000030000000001
1000002200011111111111111111000010000111000011111111111111111110300000000000000000003000000002202201
1000002200010030000030000000000010000100000000300000000000000010000000000000000000022000000002202231
1000000000010000000000000030000010000100000000000000000002220010000000000000003000022000000002200001
1000000000010000000000000000000010000100111111111111111102220010000000000000000000022000000000000001
1003000000010000000000000000000310000130100000000000003102220010000000030000000000022000000000000004
1000000003010000022022002000000010000100100000000000000102220010000000000000000000000000000032222004
1000000000010000022022002000000010000100000000002222200102223010000000000000000000000000000002222034
1000000000010000000022002000000010000100000000002222200100000010000000000000000000000000000200000004
1000000000010300000000002000000010000100000000002222200100000010000022220003000000030000000200000004
1000000000010000000000003000000013000100000000000000000102200010000022220000000000000000000200000001
1000000000010222000000000000000010000100102000000000000102200010000000000000000000000000000200000001
1000000000010222000000000000000010000100102000032200000102200010000000000000000000000000000200000001
1300000030010000000000000000000010000100102000002200000103000010000300000000000003000000030000000001
1000000000010000000003000000000010000103100000002200220102200010000000000000000000000000000000000001
1000000000010000002200000000000010000100100000000000220102200010000000002222000000000000000000000001
1000000000010000002200000000000010000100100000000000220100000010000000002222000000111111111111000001
1000000000010000000000000003000013000100100000000000000100000310000000000003000000130000000001000001
1000000000013000002200200000000010000100100000000300000100000010000000000000000000100000000001030001
1000000000010000002200200000000010000100100000000000000100000010000000002200000000100000000001000001
1020000000010000002230200000000010000100100000000000000100000010000000000000000000100000000001000001
1020000000010000000000200000000010000100100000000000000130000010000000002200000000100000000001000001
1020000000010000000000000030000010000100111111111111111100000010000000002200000003100000000001000001
1020000000011111111111000011111110000100300000000000000000000010000003000000000000100000030001000001
1320000000000000000000000000000000300100000000003000000000000010000111111111110000100000000001000001
1000000000030000000000002222200000000100000000000000000000000010000100000000010000100000000001000001
1000000020000000000000000000000000000100000000000000000000000010000100000000010000103000000001000001
1000000020000000030000000000000000000100000001111111100001110310003100000000010000100000000001000001
1000000020000000000001111100001110000100000001000000000000010010000100000000010000100000000001000001
1000000300000000220001000000000010000103000001000000000000010010000100000000010200100002200001030001
1000000000000000220001000000000010000100000001000000000000010010000100000000013200100002200001000001
1000000000000000220001000003000010000100000001000000030000010010000100000000010200100302200001000001
1000300000000000220001000000000010000100000001000222220000010010000100000000010000100002200001000001
1000000222220000000001000000000010000100000001000222220000010010000130000000010003100002230000000001
1000000000000000000001000000000010000100000001300000000000010010000100000020010000100000000000000001
1000000000300000000301000000000010000100000001000000000000010310000100000020010000100000000000000001
1000000220200002220001000000000010000130000001000000000000010010000100000020010000100000000000000001
1003000220000002220001000000000010000100000001000000000000010010000100000320010000100000000000000001
1000000220000030000001000000000010000100000001000000000000010010000100000020010000100000000001000031
1000000000000000000001000003000010000100000001000003000000010010000100000000010000100030000301000001
1000000003000000000001000000000010000100000001000000000000010010000130000000010003100000000001000001
1022200222200000000001000000000010300100000001000000000000010010000100000000010000100000000001000001
1022200222200000000001000000000010000100000001000000000000010310000100000000010000100000000001000001
1300000000000000000001000000000010000100003001000000000000010010000100000000010000100000000001000001
1022000000003000000001000000000010000100000001000002220000010010000100000000010000100000000001000001
1022000002222222000001030000000010000100000001003002220000010010000100000300010000100000000031000001
1000000302222222000001000000000010000100000001000000000000010010000100000000010000100000000001000001
1000000000000000000001000000000013220100000001000000000000010010000000000000010000100000000001000001
1000000000000000000001000000000010220100000001111111111001110010003000000000013000100000000001000031
1300000000000000000001000000000010220100000000000000000300000010000000000000010000100300000001000001
1000000000000000000001000000000010220130000000000000000000000010000000000000010000100000000001000001
1000000000300000000001111000111110220111111111111111111000011110000111111111110000111111111111000001
1002000000000000000000000000000000000000000000000000000000000000000000000000000000000000000030000001
1002000000000000300000000000000000000000000000000000000000000003000000000000000000000000000000000001
1000030000000000000000000000000000200000000000003000000000000000000000000000030000000000000000000001
1000000000000000000000000000030000200000000000000000000000030000000222220000000000000000000000000001
1002201111111000000111111111111110000111111111111111111000001110000222220022220000001100300111000301
1002201000000000000000000000000010220100030000000000000000000010000000300000000000001000000031000001
1002201000000000000000000000000010220100000000000000000000000010000000000000000000001000000001000001
1002201003000000011111111111110310000100000011111111111111110010000220220000000000001000000001000001
1000001000000000010030000300010010000100000010000000003000010010000220220000000000001000000001000001
1000001000000000010000000000010010000100000010000000000000030010000220000000000000001000000001000001
1000001000000003000002222200010010000100000013000000000000000010000000000222000000001000030001000001
1000301000000000000002222200010310000100000010000000000000000010030000000000000000301000000001000001
1000001000000000000002222200010010000100000010000000000000000010000000000003000000001000000001000001
1000001000000000000000000000010010000130000010000000000000010010000000300000000000001000000001032201
1000001000000000000000000000010010000100000010000003000000010010000000000000000000001000000001002201
1000001022000300010000000000010010020100000011111111111111110010000000000000000000001000000001002201
1000001022000000010000000000010010020100000000000000000000030010000000000000000000001000000001002201
1000001022000000011111111111110010020100000000000000000000000010000030000222222200001030000001000001
1000001022000000000000300000000310000100000000000000000000000010000000000000000000001111111111000001
1000001000000000000000000000000010000100000000003000000000000010300000000000000000000000000300000301
1030001000000000000000000000000010000100111111111111110000000010000000000000000000000000000000000001
1000001000000000000000000000000010003100100000000000010000000010000000000000000300022200000000000001
1000001001000011111111111000000010000100100000000000000000000010000000000000000000000000000000000001
1000001001000000000000001000000010000100100000000000000000300010000111111111111100000000000000000001
1000001001030000000000001000030010000100100000000000300000000010000100300000000100022200000000000001
1000001001000000003000001000000010000100100300002200000000000010000100000000000100022230000000030001
1000001001000000200222001000000010000100100000002200000000000010000000000000000100000000000000000001
1000001001000000200222031000000010000100100000002200010220000010222222200000000100022000000000002001
1030001001000000000222001000000010000100100000002200010220000010000000000000000100022000000300002001
1000001001000000200222001000000010300100100000002200010220000010000000000000000100000000000000002001
1000001001000000000222001000030010000100100000000000310220000010000000002222200130000000000000002001
1000001001000000000000001000000010000100130000000000010220000010000100300000000100000000000000002301
1000001001003000000000001300000010000100100000000000010220003010000100022220000102200000000000000001
1000001301111111111111111000000010000100111111111111110220000010000100022220000102200000000300000001
1000001000000000000000000000000010000100000000000000000000000010000100022220000102200030000000000001
1000001000000000000000000000000010000100000000000000000000000010000100000003000102200000000000000001
1003001111111111111111100001111113000111111111111111100000111110000111111111111132200000000000000001
1000000000000000000000000000000000000000000003000000000000000000000000000000000000000000000000300001
1000000000000000000000000300000000000000000000000000000000000030000000000000000000000000000000000001
1000000000000000003000000000000000000000000000000000000000000000000030000000000000000000000000000001
1000000000003000000000000000003000000000000000000003000000000000000000000000000000000000000000000001
1000000000000000000000000000000000000300000000000000000000300000000000000000300000000300000000000031
1111111111111111111111111111111111111111111111111111111111111111111111111111111111114444411111111111
