1111111111111111111111111111111111111111111111111111111111111111111111111111111111111111111111111111
1300000000000000000000000300000000000000000000000000000000000030000000000000000000030000030000000001
1000000000000000000000000000000000000000000000300000000000000000000003022000000000000000000000000001
1000000000000000000000000000000000000000000000000000000000000000000000022000000000000000000000000001
1000000000000000000000000000003000000000000000000000000000000000000000022000000000000000000000000001
1000002200003000000030000000000000000030000000000000000000000000000000022000030000000000000000030001
1300002200011111111111111111000010000111000011111111111111111110000000000000000000000000000002202201
1000002200010000000000000000000010000100000000000300000000000010000000000000000000022000000002202201
1000003000010000000000000000000010000100000000000000000032220010000000300000000000022000000002200001
1000000000010000000000000000000010000100111111111111111102220013000000000000000000022000000000000001
1000000000010000030000000000000010000103100000000000000102220010000000000000000300022000300000000004
1000000000010000022022032000000010000100100003000000000102220010000000000000000000000000000002222004
1000000000010000022022002000000010000100000000002222200102220010000000000000000000000000000002222004
1003000000310000000022002000003010000100000000002222200100000010000000000000000000000000000200300004
1000000000010000000000002000000010000100000000002222200100000010000022223000000000000000000200000004
1000000000010000000300000000000010000100000000000000003102200010000022220000000003000000000200000001
1000000000010222000000000000000010000100102000000000000102200010300000000000000000000000000200000001
1000000000010222000000000000000010000130102000002200000102200010000000000000000000000000000200000001
1000000000010000000000000000000010000100102000002230000100000010000000000000300000000030000000000001
1000000000010000000000000000030010000100100000002200220102200010000000000000000000000000000000000001
1000000000010030002200000000000010000100100000000000220102203010000000002222000000000000000003000001
1000000000010000002200000000000010000100100000000000220100000010000000002222000000111111111111000001
1000030000010000000000003000000010000100100000000000000100000010003000000000000000100000000001000001
1000000000010000002200200000000010000103100000000000000100000010000000030000300000100000000001000001
1000000000010000002200200000000010000100100000000000000100000010000000002200000000100000000001000001
1020000000010003002200200000000010000100100000000000000100000010000000000000000030100000000001000001
1020000000010000000000200000000010000100100000000030000100300010000000002200000000100000000001000301
1020000000010000000300000000030010000100111111111111111100000010000000002200000000100000000001000001
1020000000011111111111003011111110000100000000000000000000000010000000000000000000100000000001000001
1020000000000000000000000000000000003100000003000000000000000010000111111111110000100003000001000001
1300000003000000000000002222200000000100000000000000000000000010000100000000010300100000000001000001
1000000020000000000000000000000000000100000000000000300000000310000100000000010000100000000001300001
1000000020000000000030000000000000000100000001111111100001110010000100000000010000100000000001000001
1000000020000000000001111100031110000100000001000000000000010010000100300000010000100000000001000001
1000000000000000220001000000000010000103000001000000000000010010000100000000010200103002200001000001
1000000000000000220001000000000010000100000001000000000000310010000100000000010200100002200001000001
1000000000003000220001000000000010000100000001000000030000010010000100000000310200100002230001000001
1000000000000000220001000000000010000100000001300222220000010013000100000000010000100002200001000001
1000000222220000000001030000000010000100000001000222220000010010000100000000010000100002200000000031
1000030000000000000001000000000010000103000001000000000000010010000100000020010000100000000000000001
1000000000000000000001000000000010000100000001000000000000010010000100300020010000130000000000000001
1000000220200002220001000000000013000100000001000000030000010010000100000020010000100000000000000001
1000000220000002220001000000000010000100000001000000000000010010000100000020010000100000000000000001
1000000220000000000001000000000010000100000001000000000000010010000100000020013000100000000301000001
1000000000000300000001000000000010000100000001000000000000010010000100000000010000100000000001000031
1000003000000000000001000000030010000100000001000000000000010010030100000000010000100000000001000001
1322200222200000000001300000000010030100000001300000000000013010000100000000010000100000000001000001
1022200222200000000001000000000010000100000001000000000000010010000100000000010000100030000001000001
1000000000000000000001000000000010000100000001000000000000010010000103000000010000100000000031000001
1022000000000000300001000000000010000100000001000002223000010010000100000000010000100000000001000001
1022000002222222000001000003000010000100000001000302220000010010000100000000010000100000000001000001
1000000002222222000001000000000010000100000001000000000000010010000100000000010000100000000001000301
1000000000030000000001000000000010220100000301000000000000010010000000000000010000100003000001000001
1000000000000000000001000000000010223100000001111111111001110010000000000000010300100000000001000001
1000300000000000300001000000000010220100000000000000000000000010300000000000010000100000000001000001
1000000000000000000001000000000010220100000000000000000000000010000000000000010000100000000001000001
1000000000000000000001111000111110220111111111111111111000011110000111111111110000111111111111000001
1002000000300000000000000030000000000000000000000000000000000000000000000000000000000000000000000001
1302000000000000000000000000000000000000000000000000000003000000000000030000000000000000000000000001
1000000000000030000000000000000000200000000000000000000000000000000000000000000003000000000000000001
1000000000000000000000000000000000200000000000030000300000000000300222220000000000000000000003000001
1002201111111000000111111111111113000111111111111111111000001110000222220022220000001100000111000001
1002231000000000000000000000000010220100003000000000000000000010000000000000000000001000000001000031
1002201000000000000030000000000010220100000000000000000000000010000000000000000000001000000001000001
1002201000030000011111111111110010000100000011111111111111110010000220220000000000001000300001000001
1000001000000000010000000000010010000100000010003000000000013010030220220000000000031000000001000001
1300001000000000010000000000010010000100000010000000000000000010000220000000300000001000000001000001
1000001000000000000002222203010010030100000010000000000000000010000000000222000000001000000001000001
1000001000000000000002222200010010000100003010000000000000000010000000000000000000001000000001000001
1000001000000000030002222200010010000100000010000000000000000010000030000000000000001000000001000001
1000301000000000000000000000010010000100000010000000000000010010000000000000000000001000000001002201
1000001000000300000000000000010010000100000010000000000000010010000000000000000000001000003001002201
1000001022000000010000000000010010020100000011111111111111110010000000000000000000001000000001002201
1000001022000000010000003000010010020100000000000000030000000010030000000000000000031000000001002201
1000001022000000311111111111110010020100000000000000000000000010000000000222222200001000000001000001
1000001022000000000000000000000013000130000000000000000000000010000000000000000000001111111111000001
1000001000300000000003000000000010000100000000000000000000000010000000000000000000000000000000000001
1000001000000000000000000000000010000100111111111111110000000010000000000000000000000000000000000001
1000001000000000000000000000000010000100100000000000010000000010000030000000030000322200000000000301
1000001001000011111111111000000010000100100003000000000000000010000000000000000000000000000000000001
1000001001000000000000001000000010000100100000000000000000003010000111111111111100000000003000000001
1000001001000000000030001000000010000100100000000000000000000010000100000000000100022200000000000001
1000301001000000000000001000000010000100100000002200000000000010000100003000000100022200000000000001
1000001001000000200222001000000010003100100000002200000300000010000000000000000100000300000000003001
1000001001000000200222001003000010000100100000002200010220000010222222200000000100022000000000002001
1000001001030000000222001000000010000100100000002200010220000010000000000000000100022000000000002001
1000001001000000200222001000000010000100100000002200010220000010300000000000000100000000000000002001
1000001001000000000222001000000010000100100000000000010220000010000000002222200100000000000000002001
1003001001000000000000001000000010000100100000030000010220000010000100000000000100000000000000002031
1000001001000030000000001030000010000100100000000000010220000010000103022220000102200000000000000001
1000001001111111111111111000000010000100111111111111113220000010000100022220030102200000003000000001
1000001030000000000003000000000010003100000000000000000000003010000100022220000102200000000000000001
1000001000000000000000000000000010000100000000000000000000000010000100000000000102203000000000003001
1300001111111111111111100001111110000111111111111111100000111110000111111111111102200000000000000001
1000000000000003000000000003000000000000030000000000000000000000000000000000000000000000000000000001
1000000000000000000000000000000000000000000000000000000000000000000000003000000000000000000000000001
1000000000000000000000000000000000000000000000000000000000000000000000000000000000000000000000000031
1000000000000000000000000000000000000000000000000000000000000000000000000000000300000000300000000001
1000030000000000000000000000000000030000000003000000003000003000000030000000000000000000000000000001
1111111111111111111111111111111111111111111111111111111111111111111111111111111111114444411111111111
