1111111111111111111111111111111111111111111111111111111111111111111111111111111111111111111111111111
1000000000000000000000000000000000000000000000000030000000000000000000000000300000000000000000000001
1000000000000000000030000000300000000000300000000000000000000000000000022000000000000000000000000001
1000000000000000000000000000000000000000000000000000000000000300000030022000000000000000000000000301
1000300000003000000000000000000000000000000000000000000000000000000000022000000030000000000000000001
1000002200000000000000000000000000000000000000000000000000000000000000022000000000000000000000000001
1000002200011111111111111111000010300111000011111111111111111110000000000000000000000300000002202201
1300002200010000000000003000000010000100000000000000000000000010000000000000000000022000000032202201
1000000000010000000000000000000010000100000030000000000302220010000000000000000000022000000002200001
1000000000010000000000000000000010000100111111111111111102220010000300000000000000022000000000000001
1000000000010000000000000000000010030100100000000000000102220010000000000000000000022000000000000004
1000000030010000022022002000000010000100100000000030000102220010000000000000000000000000000002222034
1000000000010000022322002000000010000130000000002222200102220010000000003000000000030000030002222004
1030000000010000000022002000000010000100000000002222200100000010000000000000000000000000000200000004
1000000000010000000000002000000010000100000300002222200100000010000022220000000000000000000200000004
1000000000010000000000000030000010000100000000000000000102200310000022220000000000000000000200000001
1000000000010222000000000000000010300100102000000030000102200010000000000000000000000000000200000001
1000000000010222000000000000000010000100102000002200000102200010000000000003000000000000000200000001
1000030000010300000000000000000010000100102000002200000130000010000000000000000003000000003000000301
1000000000010000000000000300000010000100100000302200220102200010000000000000000000000000000000000001
1000000000010000002200000000000010000100100000000000220102200013000000002222000000000000000000000001
1000000000010000002203000000000010000100100000000000220100000010000000002222000000111111111111000001
1000000000010000000000000000003010000103100000000000000100000010000000000000000000100000000001000001
1000000000010000002200200000000010000100100000000000300100000010000003000003000000100000000001030001
1000000003010003002200200000000010000100100000000000000100000010000000002200000000100000000001000001
1020000000010000002200200000000010000100100000000000000100000010000000000000000000100000000001000001
1020000000010000000000200000000010000100100000000000000100000010000000002200000003100000000001000001
1020000000013000000000000000000010000100111111111111111100030010000000002200000000100000000001000001
1020000000011111111111000011111110000100000030000000000000000010000000000000000000100000000031000001
1020000300000000000000000000000000000100000000000000300000000010003111111111110000100000000001000001
1000000000000000000000302222200000000100000000000000000000000010000100000000010000100000000001000001
1000000020000000000000000000000000000100000000000000000000000010000100000000010000100000000001000031
1030000020003000000000000000000003000100000001111111100001110010000100000003010000100000000001000001
1000000020000000000001111103001110000100000001000000000000010010000100000000010000103000000031000001
1000000000000000220001000000000010000100030001000000000000010013000100000000010200100002200001000001
1000000000000000220001000000000010000100000001000000000000010010000100000000010200100002200001000001
1000000000000000220001000000000010000100000001000000003000010010000103000000010200100002200001000001
1000000000000000220001000000000010000100000001000222220000010010000100000000010000100002200001000031
1000000222220000000001000300000010000100000001300222220000010010000100000000010000100002200000000001
1000000000030000000001000000000010000100000001000000000000010010000100000020310000100000000000000001
1000000000000000003001000000000010000100000001000000000000010010000100000020010000100000000000000001
1000000220200002220001000000000010000100000001000000000000010310000100000020010000100000000000000001
1300003220000002220001000000000010000130000001000000000000010010000100000020010000100000000000000001
1000000220000000000001000000003010000100000031000000000000010010000100000020010000100000000001030001
1000000000000000000001000000000010000100000001000000000000010010000100030000010000100030000001000001
1000000000000000000001000000000010000100000001000030000000010010000100000000010000100000000001000001
1022200222200000000001000000000010000100000001000000000000010010000100000000013000100000000001000001
1022200222200000003001000000000010030100000001000000000000010010000100000000010000100000000001000001
1000000000000300000001000000000010000100000001000000000003010010000100000000010000130000000001000001
1022000000000000000001030000000010000100000301003002220000010010000100000000010000100000000001300001
1022000032222222000001000000000010000100000001000002220000010010300100000000010000100000000001000001
1000000002222222000001000000000310000100000001000000000000010010000100000000010000100000000001000001
1000000000000000000001000000000010220100000001000000000000010010000000000000010000100000000001000001
1000000000000000300001000000000010220130000001111111111001110010000000030000013000100300000001000301
1000000000000000000001000000000010220100000000000000000000000010000000000000010000100000000001000001
1000000000000000000001000000000010220100000000000300000000030010000000000000010000100000000001000001
1000300000000000000031111300111110220111111111111111111000011113000111111111110000111111111111000001
1002000000003000000000000000000000000000000000000000000000000000000000000030000000000000000000000001
1002000000000000000000000000000030000000000000000000000000000000000000000000000000000000000000000001
1000000000000000000000000000000000200000000000000000000000000000000000000000000030000000000003000001
1000000000000000300000000000000000200000000000000000000030000000000222220000000000000000000000000001
1002201111111000000111111111111110000111111111111111111000001110003222220022220000001100000111000001
1002201300000000000000000003000010220130000000000000000000000010000000000000000000001000000001000001
1002201000000000000030000000000010220100000000000030000000000010000000000000000000001300000001000001
1032201000000000011111111111110010000100000011111111111111110010000220220000000000001000000001000001
1000001000000000010000000000010010000100000010000000000000010010000220220000000000001000000001003001
1000001000000000310000000030010010000100000013000000000000000010000220030000003000001000000001000001
1000001000000000000002222200010010000103000010000000000000000010000000000222000000001000003001000001
1000001000000000000002222200010010000100000010000000000000000010000000000000000000001000000001000001
1000001000000000000002222200010010000100000010000000000030000010000000000000000000001000000001000001
1000001000030000000000000000010010000100000010000000000000010010000000000000000000001000000001002201
1300001000000000000000000000010010030100030010000300000000010010300000000000000000001000000001002201
1000001022000000010000000030010010020100000011111111111111110010000000000000000000001000000001002201
1000001022000000010030000000010010020100000000000000000000000010000000000000000000001003000001002201
1000001022000000011111111111110010020100000000000000000000000010000000000222222200001000000001000001
1000001022000000000000000000000310000100000000000000000000000010000000000000000300001111111111030001
1030001000000000000000030000000010000100000000000000000000000010003000000000000000000000000000000001
1000001000000000000000000000000010003100111111111111110000000010000000000000000000000000000000000001
1000001000000300000000000000000010000100100003000000010000030010000000030000000000022200000000000001
1000001001000011111111111000000010000100100000000000300000000010000000000000000000000000000000000031
1000001001000000000000001003000010000100100000000000000000000010000111111111111100000000000000000001
1000001001000000000000001000000010000100100000000000000000000010000100000000000100022200000300000001
1000001301000000000000001000000010000100100000002200000000000010300100000000000100022200000000000001
1000001001000000230222001000000010000100100000002200000000000010000000000000030100000000000000000001
1300001001000000200222301000000010000100100000002200010220000010222222200000000100022000000000002001
1000001001000000000222001000000010000100103000002230010220000010000000000000000100022000000000002031
1000001001000000200222001000000013000100100000002200010220030010000000000000000100003000000000002001
1000001001000000000222001000000010000100100000000000010220000010000000002222200100000000000000002001
1000001001000000000000001000000010000100100000000000010220000010030100000030000100000000003000002001
1000001001000300000003001003000010000100100000000000010220000010000100022220000102200000000000000001
1030001001111111111111111000000010000100111111111111110220000010000100022220000102200000000000000001
1000001000000000000000000000000010030100000030000000030000000010000100022220000102200000000000030001
1000001000000000000000000000000010000100000000000000000000000010000100000000000102200000000000000001
1000001111111111111111100001111110000111111111111111100000111110000111111111111132200000000000000001
1000000000000000000000000000000000000000000000000000000000000000000300000000000000000000300000000031
1000000000000000000003000000000000000000000000000000000000000000000000000000000000000000000000000001
1000300000000000000000000000000000000000000000000000000000000000000000000000000000000000000000000001
1000000000000030000000000000000000000000000300000000000300000000000000000003000000000000000000000001
1000000000000000000000000003000000003000000000000000000000000300000000000000000000000300000000000001
1111111111111111111111111111111111111111111111111111111111111111111111111111111111114444411111111111
