1111111111111111111111111111111111111111111111111111111111111111111111111111111111111111111111111111
1000000000000000000000000000300000000000000000000000000000000000300000000000000030000000300000000001
1000000000000000003000000000000000000000000030000000000000000000000000022000000000000000000000000001
1000000000000000000000000000000000000030000000000000300000000000000000022000000000000000000000000001
1000000003000000000000000000000000000000000000000000000000000000000000022000300000000000000000000301
1030002200000000000000000000000000000000000000000000000000000000000000022000000000000000000000000001
1000002200011111111111111111000010000111000011111111111111111110300000000000000000000000000002202201
1000002200010000000000300000000010000100030000000000000300000010000000000000000000022000003002202201
1000000000010030000000000000000010300100000000000000000002220010000003000000000003022000000002200001
1000000000010000000000000003000010000100111111111111111102220010000000000003000000022000000000000001
1000000000010000000000000000000010000100100000300000000102220010000000000000000000022000000000000004
1000000300010000022022002000000010000100100000000000300102220010000000000000000000000000000002222004
1000000000010000022322002000000010000100000000002222200102220010000000000000000000000000000002222004
1000000000010000000022002000000010000100000000002222200100030010000000000000000000000003000200000004
1000000000010000000000002000000010000100000000002222200100000010000022223000000000000000000200030004
1300000000010000000000000000000010000100000000000000000102200010030022220000000030000000000200000001
1000000000010222000000000000000010000100132000000000300102200010000000000000000000000000000200000001
1000000003010222000000000300000013000100102000002200000102200010000000000000000000000000000200000001
1000000000010000003000000000000010000100102000002200000100000010000000000000000000000000000300000001
1000000000010000000000000000000010000100100000302200220102200010000000000000000000000000000000000001
1000000000010000002200000000000010000100100000000000220102230010000000002222003000000000000000000001
1030000000010000002200000000000010000100100000000000220100000010000003002222000000111111111111000001
1000000000010000000000000000000010000100100000000000000100000010000000000000000000100000300001000001
1000000030010000002203200000003010000100130000000000300100000010000000000000000000100000000001030001
1000000000010000302200200000000010000100100000000000000100000010000000002200000000130000000001000001
1020000000010000002200200000000010000100100000000000000100000010000000000000000000100000000001000001
1020000000010000000000200000000010000100100000000000000100000010000000002203000000100000000001000001
1320000000010000000000000000000010000100111111111111111103000010003000002200000000100000000001000001
1020000000011111111111000311111110000100000000000000000000000010000000000000000000100000000001000001
1020000000300000000000000000000030000100000000000030000000000010000111111111110000100000000001000301
1000000000000000000000002222200000000100000000000000000000000010000100000000010000100000000001000001
1000000020000000000000000000000000000100000000000000000000000010000100000300010030100000000001000001
1000000020000000000000000000000000000100000001111111100001110010000100000000010000100000030001000001
1000000020000000000001111100001110000100300001000000000000010010000100000000010000100000000001000001
1000000000000000220031000000000010000100000001000000003000010010000100000000010200100002200001000001
1000000000000000220001000000000010000100000001000000000000010010003100000000010200100002200001003001
1000000000000000220001000000000010000100000001000000000000010010000100000000010200100002200001000001
1030000003000000220001000000000010000100000001000222220000010010000100000000013000130002200001000001
1000000222220000000001000000000010000100000001300222220000310010000100003000010000100002200000000001
1000000000000000000001000000000010000100000001000000000000010010000100000020010000100000000000000001
1000000000000000000001000000000010000100000001000000000000010010000100000020010000100000000300000001
1000000220200002220301000000000010003100000001000000000000010010000130000020010000100000000000000001
1000000220000002220001000000000010000100000001000000000000010010000100000020010000100000000000000031
1000000220000000000001000000003010000100000001000000000000010010000100000020010300100000000001000001
1000000000000000000001000000000010000100000001000000300000010010000100000000010000100000000001000001
1000000000000000000001000000000010000100030001000000000000010013000100000000010000100000000001000001
1022200222200300000001000000000010000100000001000000000000010010000100000000010000100000000001000001
1022230222200000000001000000000010000100000001000000000003010010000100000000010000100000000001000001
1000000000000000000001000000000010000100000001000000000000010010000100000003010000100000000001030001
1022000000000000000001000000000010000100000001000002220000010010000100000000010000100030000001000001
1022000002222222003001000300000010000100000001000002220000010010000130000000010000100000000001000001
1000000002222222000001000000000010000100000001000000000000010010000100000000010000100000000001000001
1000000000000000000001000000000010223100000001003000030000010010000000000000010000100000000001000001
1000000000000000000001000000000010220100000301111111111001110010000000000000010003100000000301000001
1000000000000000000001000000000010220100000000000000000000000010000000000000010000100000000001000001
1000000000003000000001000000000010220100000000000000000000000010000300000003010000100000000001000031
1000000000000000000001111000111110220111111111111111111000011110000111111111110000111111111111000001
1302000000000000000000000000000003000000000000030000000000000003000000000000000000000000000000000001
1002000000000000000000000000000000000000000000000000000000300000000000000000000000000030000000000001
1000000000000000000000300000000000200000000000000000000000000000000000000000000000000000000000000001
1000000000000000000000000000000000200000000000000000030000000000000222220000000000000000000000000001
1002201111111003000111111111111110000111111111111111111000001110000222220022220030001100000111000001
1002201000000000000000000000000010220103000000030000000000000010000000000000000000001000000001300001
1032201000000000000000000000000010220100000000000000000000000010000300000000000000001000000001000001
1002201000300000011111111111110010000100000011111111111111110310000220220000000000001000030001000001
1000001000000000010000000000010010000100000010000030000000010010000220220000000000001000000001000001
1000001000000000010000000030010010300100000010000000000000000010000220000000000000001000000001000001
1000001000000000000002222200010010000100003010000000000000000010000000030222000000001000000001000001
1000001000000000000002222200010010000100000010000000003000000010000000000000030000001000000001000001
1000031000003000000002222200010010000100000010000000000000000010000000000000000000001000000001000001
1000001000000000030000000000010010000100000010000000000000010010000000000000000000001030000001002201
1000001000000000000000000000010010000100000010000000000000010010300000000000000000001000000001032201
1000001022000000010000000000010010020100000011111111111111110010000000000000000000001000000001002201
1000001022000000010000000000010010020100300000300000000000000010000000000000000300001000000001002201
1000001322000000011111111111110010020100000000000000000000000010000000000222222200001000000001000001
1000001022000000000000000000000310000100000000000000000000000010000000000000000000001111111111000031
1000001000000000000000030000000010000100000000000000003000000010000000000000000000000000000000000001
1300001000000000030000000000000010000100111111111111110000000010000000300000000000000000000000000001
1000001000000000000000000000000010000100100000000000010000300010000000000000000003022230000000000001
1000001001030011111111111000000010030100103000000000000000000013000000000000300000000000000000000001
1000001001000000000000001000000010000100100000000000000000000010000111111111111100000000000000000301
1000001001000000000000001000300010000100100000003000000000000010000100000000000100022200000000000001
1003001001000000000000301000000010000100100000002200000000000010000100000000000100022200003000000001
1000001001000000200222001000000010000100100000002200000000000010000000000000000100000000000000000001
1000001001000000200222001000000010000100100000002200010220000010222222200000000100022000000000002001
1000001001000000000222001003000013000103100000002200010220003010000000000000003100022000000000002001
1000001001000000200222001000000010000100100000002230010220000010000000000000000100000000000000002001
1300001001000000000222001000000010000100100000000000010220000010003000002222200100000000000000002001
1000001001000000000000001000003010000100100000000000010220000010000100003000000100000000300000002001
1000001001030000003000001000000010000100100000000000013220000010000100022220000102200000000000000031
1000001001111111111111111000000010000100111111111111110220000010000100022220000102200000000000000001
1000001000000000000000000030000010000100000000000000000000000010000100022220000132200000000000000001
1000001000000000000000000000000010003100000030000000000000000310000100000000000102200000000000000001
1003001111111111111111100001111110000111111111111111100000111110000111111111111102200000000000000001
1000000000000000000000000000000000000000000000000000300000000000000000000000000000000000003000000301
1000000000000000000300000000000000000000000000000000000000000000000003000000000000000000000000000001
1000000000000000000000000000003000000000000000000000000000000000000000000000000000000000000000000001
1000000000000000000000000000000000000000000300000000000003000000000000000000000000000300000000000001
1000000000300000000000000030000000000003000000030000000000000003000000000003000000000000000000000001
1111111111111111111111111111111111111111111111111111111111111111111111111111111111114444411111111111
