1111111111111111111111111111111111111111111111111111111111111111111111111111111111111111111111111111
1000300000003000000000000000030000000000300000300003000000030000000000000000030000000000000000000001
1000000000000000000000030000000000000000000000000000000000000000000000022000000000000000000000000001
1000000000000000000000000000000000000000000000000000000000000000000003022000000000300000000030000001
1000000000000000000000000000000000000000000000000000000000000000000000022000000000000000000000000001
1000002200000000000030000000000000000000000000000000000000000000000000022000000000000000000000000001
1000002230011111111111111111000010000111000011111111111111111110000000000000000000000003000002202201
1000002200010000000000000000030010000100000003000000000000000010000000000000000000022000000002202231
1000000000010000000000000000000013000100300000000000000002220010000000000000000000022000000002200001
1000000000010000000000000000000010000100111111111111111102220010000000000000000000022000000000000001
1000000000010000000000000300000010000100100000000000300102220010030000000000000000022000000000000004
1003000000010000022022002000000010000100100000000000000102220010000000000030000000000000000002222004
1000000000010300022022002000000010000100000000002222200102220010000000000000000000000000000002222004
1000000000010000000022002000000010000100000000002222200100000010000000000000000000000000000200000004
1000000000010000000000002003000010000100000000002222200100030010000022220000000000000300000200000004
1000000000010000000000000000000010000100000000000000000102200010000022220000000000000000000200000001
1000000000010222000000030000000013000100102030000000000102200010000000000000000000000000000200003001
1000000000010222000000000000000010000100102000002200000102200010000000300000030000000000000200000001
1000000000010000030000000000000010000100102000002200000100000013000000000000000000000000000000000001
1000300000310000000000000000000010000100100000002200220132200010000000000000000000300000000000000001
1000000000010000002200000000000010000100100000000000220102200010000000002222000000000000000000000001
1000000000010000002200000000000010000100100000000000220100000010000000002222000000111111111111000001
1000000000010000000000030000000010000100100000000000000100000010000000000000030000100000000001000001
1000000000010000002200200000030010003100100000000000000100000010030000030000000000100000000001000001
1000000000010003002200200000000010000100100300000000000100000010000000002200000000100000000001300001
1020300000010000002200200000000010000100100000000000000103000010000000000000000000100000000001000001
1020000000010000000000200000000010000100100000003000000100000010000000002200000000103000000001000001
1020000000010000000000000000000010000100111111111111111100000010000000002200000000100000000001000001
1020000000311111111111000011111110000100000000000000000000000010000000000003000000100000000001000001
1020000000000000000030000030000000000100000000000000000000000010000111111111110000100000300001000001
1000000000000000000000002222200000000100000000000000000000000010000103000000010000100000000001000001
1000000020000000000000000000000000000100000000000000000003000010000100000000010000100000000001000001
1000000020000030000000000000000000030100000001111111100001110010000100000000010000100000000001000001
1003000020000000000001111100001110000100000001000000000000010010300100000000010000100000000031000001
1000000000000000223001000000000010000100000001000000000000010010000100000000013200100002200001000001
1000000000000000220001000030000010000100000001000000030000010010000100003000010200100002200001000031
1000000003000000220001000000000010000100000001030000000000010010000100000000010200100002200001000001
1000000000000000220001000000000010300100000001000222220000010010000100000000010000100302200001000001
1000000222220000000001000000000010000100000001000222220003010010000100000000010000100002200000000001
1000000000000000000001000000000010000100300001000000000000010010000100000020010000100000000000000001
1000000000000000000001000000000010000100000001000000000000010010000100000020010000100000000000000001
1000000220200002220001000000000010000100000001000000000000010010000100000020010000100000000000000001
1000030220000002220031000000300010000100000001000000300000010013000100000320010300100000300003000001
1000000220000000000001000000000010000100000001000000000000010010000100000020010000100000000001000001
1000000000030000000001000000000010000100000001000000000000010010000100000000010000100000000001000001
1000000000000000000001000000000010000100300001000000000000010010000100000000010000100000000001000001
1322200222200000000001300000000010000100000001030000000000010010000100000000010000100000000001000001
1022200222200000000001000000000010000100000001000000000000010010000100000000010000100000000001000001
1000000000000000000001000000000010000100000001000000000000010010000100000000010000100000000001000001
1022000300000000000001000000000010000100030001000002220030010010003100000000010000130000030001000001
1022000002222222000001003000000010030100000001000002220000010010000100000000010000100000000001000031
1000000002222222300001000000000010000100000001000300000000010010000100030000010000100000000001000001
1000000000000000000001000000000010220100000001000000000000010010000000000000010000100000000001000001
1000000000000000000001000000000010220100000001111111111001113010000000000000010000100000000001000001
1000000000000000000001000000003010220130000000000000000000000010000000000003010000100000000001000001
1000003000000000000001000000000010220100000000000000000000000010000000000000010000100000000001003001
1000000000000000000001111000111110220111111111111111111000011110000111111111110000111111111111000001
1002000000000000000003000000000000000000000030000000000000000000000000000000000003000000000000000001
1002000000000000000000000000000000000000000000000000000000000000000000030000000000000003000000000001
1000000000000000000000000000000000200000000000000003000000000000003000000000000000000000000000000001
1000000000000000000000000000000000200000000000000000000000300000000222220000000000000000000000000001
1002201111111030000111111111111110003111111111111111111000001110000222220022220000001100000111003001
1032201000000000000000000000000010220100000000000000000000000010000000000003000000001000000001000001
1002201000000000000000000000000310220100000000000000000000000010000000000000000000001000000001000001
1002201000000000011111111111110010000100000011111111111111110010000220220000000000001000000001000001
1000001000000000010030000000010010000100003010000000000000010010000220220000000000031000000001000001
1000001000300000010000000000010010000100000010003000000000000010000220000000000000001000000301000001
1000001000000000000002222200010010000100000010000000000000000010300000000222000000001000000001000001
1300001000000000000002222230010010000100000010000000000300000010000003000000000000001000000001000001
1000001000000000000002222200010010000100000010000000000000000010000000000000000000001000000001000001
1000001300000000000000000000010010000100000010000000000000010010000000000000000000001030000001002201
1000001000000000000300000000010010000100000010000000000000010010000000000003000000001000000001002201
1000001022000000010000000000010010023100000011111111111111110010000000000000000000001000000001032201
1000001022000000010000000003010010020100000000000030000000000010000000000000000000001000000001002201
1000301022300000011111111111110010020100000000000000000003000010000000000222222200001000000001000001
1000001022000000000000000000000010000100000000000000000000000010000000000000000000001111111111000001
1000001000000000000000000000000010000100000030000000000000000010003000000000000000000000000000000001
1000001000000003000003000000000010000100111111111111110000000010000000000000000003000000000000000001
1000001000000000000000000000000010000103100000000000310000000310000000000300000000022200000000000001
1000001001000011111111111000000010000100100000000000000000000010000000000000000000000000000000030001
1000001001000000000000001000300013000100100000000000000030000010000111111111111100000000000000000001
1000001001000000000000001000000010000100100000000000000000000010000100000000000100022200000000000001
1000001031000000000300001000000010000100100000002200000000000010003100000000000100022200000000000001
1000001001000000200222001000000010000100100003002200000000000010000000000000000100000000300000000001
1030001001000000200222001000000010000100100000002200010220000010222222200000000100022000000000002001
1000001001000000000222001000000010000103100000002200010220000010000000000000030100022000000000002001
1000001001000000200222001000000010000100100000002200013220300010000000030000000100000000000000002001
1000001001030000030222001000000010300100100000000000010220000010000000002222200100000000000000002031
1000001001000000000000001000000010000100100000000300010220000010000100000000000100000000000000002001
1000001001000000000000001030000010000100100000000000010220000010000100022220000102200000000030000001
1000001001111111111111111000000310000100111111111111110220000010000100022220000102200000000000000001
1000031000000030000000000000000010000100000300000000000000000013000100022223000102200000000000000001
1000001000000000000003000000000010000100000000000000000000000010000103000000000102203000000000000001
1000001111111111111111100001111110000111111111111111100000111110000111111111111102200000000000000001
1000000000000000000000000000000000000000000000000000000000000000000000000000000000000000030000000001
1000000000000000000000000000000000000300000000000000000000000000000000000000003000000000000000000001
1000000000000000030000000000000000000000000000000000000000003000000000000000000000000000000000000001
1000000000000000000000030003000000000000000000000003000000000000000000000300000000000000000003000001
1030000000030000000000000000000000000000000000000000000000000000003000000000000003000000000000000001
1111111111111111111111111111111111111111111111111111111111111111111111111111111111114444411111111111
