1111111111111111111111111111111111111111111111111111111111111111111111111111111111111111111111111111
1000000000000300000000000000000000003000000000000000000000000000000000000000000300000000000000000001
1000000000000000000000000000000000000000000000000000000000000000000000022000000000000000000000000001
1003000000000000000000000000000000000000000000000000030000000000000000022000000000000000000000000031
1000000000300000000000000000000030000000000000000000000000000300000030022000000000000300000003000001
1000002200000000000000000030000000000003000003000000000000000000000000022030000000000000000000000001
1000002200011111111111111111000010000111000011111111111111111110000000000000000000000000000002202201
1000002200010000030000000000000010000100000000000000000000000010000000000000000000022000000002202201
1000000000010000000000000000000010000100000000000000000032220010000000000000000000022000000002200001
1000000000010000000000000000000010300100111111111111111102220010000000000000000000022000000000000001
1003000000010000000000000000000010000100100000000003000102220010000000300000000000022000030000003004
1000000000010000022022302000000010000100100000000000000102220010000000000000000000000000000002222004
1000000000010000022022002000000010000100000000002222200102220010000000000000000003000000000002222004
1000000003010000000022002000003010000100000000002222200100000010000000000000000000000000000200000004
1000000000010003000000002000000010000100000003002222200100000010000022220000000000000000000200000004
1000000000010000000000000000000010000130000000000000000102200010000022220000000000000000000200000001
1000000000010222000000000000000010000100102000000000000102200013000000003000000000003000030200000001
1000000000010222000000000000000010000100102000002200003102200010000000000000000000000000000200000001
1030000000010000000000000000003010000100102000002200000100000010000000000000000000000000000000000001
1000000000010000000000300000000010000100100000002200220102200010000000000000000000000000000000000001
1000000000010000002200000000000010003100100000000000220102200010000000002222000030000000000000000001
1000000000010000002200000000000010000100100000000000220100000010000000002222000000111111111111003001
1000000000010000000000000000000010000100100300000000000100000010000000000000000000100000000001000001
1003000000010000002200200000000010000100100000000000000103000010000000000000000000100000000001000001
1000000000310000002200200000000010000100100000000003000100000010000000002200000000100000000001000001
1020000000010000002200203000000010003100100000000000000100000010000000003000000000100003000001000001
1020000000010000030000200000000010000100100000300000000100000010000000002200000000100000000001000001
1020000000010000000000000000000010000100111111111111111100000013000000002200000000100000000001000001
1020000000011111111111000011111110000100000000000000000000000010000030000000000300100000000001000001
1020000000000000000000000000000000000100300000000000000000000010000111111111110000100000000001000001
1003000000000000000000002222200000000100000000000000000000000010000100000000010000100000000001000001
1000000020000000000300000030000000000100000003000000000000000010000100000000010000100000000001000001
1000000020000000000000000000000030000100000001111111103001110010000100000000010000100300000001300001
1000000020000300000001111100001110000100000001000000000000010010000100000000010000100000000001000001
1000000000000000220001000000000010000100000001000000000000010010000100000000010200100002200001000001
1000000000000000220001000000000010003100000001000000000000013010000100000003010200100002200001000001
1300000000000000220031000000000010000100000001000000000000010010000103000000010200100002203001000001
1000030000000000220001000000000010000100000001003222220000010010000100000000010000100002200001000001
1000000222220000000001000000000010000100000001000222220000010010000100000000010000100002200000000001
1000000000000000000001000000300010000130000001000000000030010010000100000020010000100000000000000001
1000000000000000000001000000000010000100000001000000000000010010000100300020013000100000000000000001
1000000220200302220001000000000010000100000001000000000000010010000100000020010000100000000000000001
1000000220000002220001000000000010000100000001000000000000010010030100000020010000130000000000000031
1030000223000000000001030000000010300100000031000000000000010010000100000020010000100000000001000001
1000000000000000000001000000000010000100000001000000000000010010000100000030010000100000003001000001
1000000000000000000001000000300010000100000001000000000000013010000100000000010000100000000001000001
1022200222200000000001000000000010000100000001000000300000010010000100000000010000100000000001000001
1022200222200000000001000000000010000100000001000000000000010010000100000000010000100000000001000001
1000000300000000000001300000000010000100000001000000000000010010000100000000010000100000000001000001
1022000000000000030001000000000010000100000001000002220030010013000100000000010000100000000001000001
1022000002222222000001000000000010000100000001300002220000010010000100000000010300100000300001000001
1000000002222222000001000000000010000100000001000000000000010010000100000000010000100000000001000031
1000000000000000000001000000030010220100000001000000000000010010000000000000010000100000000001000001
1000300000000000000001000000000010220100300001111111111001110010000000300000010000100000000001000001
1000000000000000000001000000000010220100000000003000003000000010000000000000010000100000000001300001
1000000000000000000001000000000010220100000000000000000000000010000000000000010000130000000001000001
1000000000000000003001111000111110220111111111111111111000011110000111111111110000111111111111000001
1302000030000000000000000300000000000000000000000000000000000030000000000000000000000000000000000001
1002000000000000000000000000000003000000030000000000000000000000000030000000300000000000000000000031
1000000000000000000000000000000000200000000000000000000000000000000000000000000000000000030000000001
1000000000000000000000000000000000200000000000000000000000000000000222220000000000300000000000000001
1002201111111000000111111111111110000111111111111111111000001110000222223022220000001100000111000001
1002231000000000000000000000000010220100000000000003000000000010000000000000000000001000000001000001
1002201000000000000000000000000010220100000000000000000000000013000000000000000000001000000001000001
1002201000000000011111111111110010000100000011111111111111110010000220220000000000001000000001000031
1000001000000003010000000000010013000100000010000000000000010010000220220000000000001000000001000001
1000001000000000010000003000010010000100000013000000000000000010000223000000000000001000000001000001
1000001000000000000002222200010010000130000010000000000000000010000000000222000000001000003001000001
1000001030000000000002222200010010000100000010000000000000300010000000000000003000001000000001000001
1000001000000000000002222200010010000100000010000000000000000010000000000000000000001030000001000001
1000001000000000000000000000010010000100000010000000000000010010000000000000000000001000000001002201
1000001000000000003000000000010010000100000010000000000000010010000000000000000000001000000001002201
1003001022000000010000000000010013020100000011111111111111110010003000000000300000001000003001002201
1000001022000000010000000000010010020100000000003000000000000010000000000000000000001000000001032201
1000001022300000011111111111110010020100000000000000000000000010000000000222222203001000000001000001
1000001022000000000000000000000010000100000300000000000000000010000000003000000000001111111111000001
1000001000000000000000000000300010000130000000000000000000000010000000000000000000000000000000000001
1300001000000000000000300000000010000100111111111111110300000013000000000000000000000000000000000001
1000001000000000000000000000000010000100100000300000010000000010000000000000000000022200000000000301
1000001001000011111111111000000010000100100000000000000000000010000000000000000000000000000000000001
1000001001000000030000001000000010000100100000000000000000000010000111111111111100000000000000000001
1000001001000000000000001000000310000100100000000000000000000010000100000000000100022200000000000001
1000001001000000000000001000000010000100100030002200000000000010000100000000000100022200030000000001
1003001001300000200222001000000010000100100000002200000000300013000000000030000100000000000000000001
1000001001000000200222001030000010030100100000002200010220000010222222200000000100322000000000002001
1000001001000000000222001000000010000100100000002200010220000010000000000000000100022000000000032001
1000001001000003200222001000000010000100100000002203010220000010000000000000000100000000000000002001
1000001001000000000222001000000010000100100000000000010220000010000000002222230100000000000000002001
1000001301000000000000001000000010000100100000000000010220003010003100000000000100000000000000002001
1300001001000000000000001000003010000100130000000000010220000010000100022220000102200000000000000001
1000001001111111111111111000000010000100111111111111110220000010000100022223000102200000300000000001
1000001000000000000000300000000010000100000000000000030000000010000100022220000102200000000000000301
1000001000000000300000000000000010000100000000000000000000000010000100000000000102200000000000000001
1000001111111111111111100001111110000111111111111111100000111110000111111111111102200300000000000001
1000000000000000000000000000000000000000000000000000000000000000000000000000000000000000000000000001
1000000000000000000000000000000000030000000000000000000000000000000000000000000000000000000000000001
1000000030000000000000000000000000000000000000000000000000000000000000000000300000000000000000000001
1030000000000000000030000003000000000000000003000000000000300000000000000000000000300000000000000001
1000000000000000000000000000000000000000000000000003000000000000000030000000000000000000000300000001
1111111111111111111111111111111111111111111111111111111111111111111111111111111111114444411111111111
