1111111111111111111111111111111111111111111111111111111111111111111111111111111111111111111111111111
1000030000000000000000000000000003000000000000000000000000000000000000000000003000000000000000000001
1000000000000000000000000000000000000000000000000000000003000000000000022000000000000000030000000001
1000000000000000000003000000000000000000000030000000000000000000003000022000000000000000000000000301
1000000000000003000000000003000000000000000000000000000000000000000000022000000000000000000000000001
1000002200300000000000000000000000000000000000000000000000000000000000022000300000000000000000000001
1000002200011111111111111111000010000111000011111111111111111110000000300000000000000000000002202201
1000002200010000000000000000000010000130000000000000000000000010000000000000000000022000000002202201
1000000000010000000000300000000310000100000000000000000002220310000000000000000000022000000002200001
1000000000010000000000000000000010000100111111111111111102220010000000000000000000022003000000300001
1000000000010000000000000000000010000100100003000000300102220010000300000000003000022000000000000004
1000000000310000022022002000000010000100100000000000000102220010000000000000000000000000000002222004
1000000000010000022022002000000010000100000000002222200102220010000000000000000000000000000002222004
1000000000010000000022002000030010000100000000002222200100000010000000000000000000000000000200000004
1000000000010000300003002000000010000100000000002222200100000010000022220000000000003000000230000004
1000000000010000000000000000000010000130000000000000000102200010000022220000000000000000000200000001
1000030000010222000000000000000010000100102000000000000102203010000000000000000000000000000200000301
1000000000010222000000000000000010000100102000002200000102200010030000000300000000000000000200000001
1000000000010000000000000000000010000100102003002200000100000010000000000000000000000000000000000001
1000000000010000000000000000000010000100100000002200220102200010000000000000000000000000000000000001
1000000000010000032200000030000010300100100000000000220102200010000000002222000030000300003000000001
1000000000310000002200000000000010000100100000000000220100030010000000002222000000111111111111000001
1000000000010000000000000000000010000100100000000000300100000010000000000000000000100000000001000001
1000000000010000002200200000000010000100100000000000000100000010000000000000000000100000000001000031
1000000000010000002200200000000010000100100000000000000100000010000000002230000000100000000001000001
1020000000010000002230200000000010000100100000000000000100000010030000000000000000100030000001000001
1020000000010003000000200000000010003100100030000000000100000010000000002200000000100000000001000001
1020030000310000000000000000000010000100111111111111111100000010000000002200000000100000000001000001
1020000000011111111111000311111110000100000000000000300000300010000000000000000000100000000001000001
1020000000000000000000000000000000000100000000000000000000000010000111111111110000100000000001000001
1300000000000000000000002222200000000100000000000000000000000010000100030000010000100000000001000001
1000000020000000000000000000000000000100000000300000000000000010000100000000010000100000000031000001
1000000020000000000000000000000000000100000001111111100001110010000100000000010030100000000001000001
1000000020000000000031111100001110000100000001000000000300010010300100000000010000100000000001000001
1000000000000000220001000300000010000103000001000030000000010010000100000003010200100002200001000001
1000030000000000220001000000000010000100000001000000000000010010000100000000010200100002200001000001
1000000000000030220001000000000010300100000001000000000000010010000130000000010200100032200001000001
1000000000000000220001000000000010000100000001000222220000010010000100000000010000100002200001000001
1000000222220000000001000000000010000100000001000222220000010010000100000000010000100002200000000031
1000000000000000000001000000000010000100000001000000000000010010000100000020010000100000000000000001
1000000000000000000001000000000010000100000031000000000000013010000100300020010000100000000000000001
1000000220200002220001000000000010000100000001000000000000010010000100000020010000130000000000000001
1000000220000002220001000300003010000100000001000000000000010010003100000020310000100000000000000001
1000000220000030000001000000000010000100000001000000000003010010000100000020010000100000000001000001
1000000000000000000001000000000010000100003001000000000000010010000100000000010000100000000001000001
1000000003000000000301000000000010000100000001000300000000010010000100300000010000100000000301003001
1322200222200000000001000000000010000100000001000000000000010010000100000000010000100000000001000001
1022200222200000000001000000000013000100000001000000000000010010000100000000010000100000000001000001
1000000000000000000001000000000010000100000001000000000000010310000100000000010000100030000001000001
1022300000000000000001000000000010000100000001000002220000010010000130000000010030100000000001000001
1022000002222222000001000000000010000100003001000002220000010010000100000000010000100000000001030001
1000000002222222000031000003000010000100000001000000000000010010000100000000010000100000000001000001
1000000000030000000001000000000010220100000001300000030000010010000000000000010000100000000001000001
1000000000000000000001000000000010220100000001111111111001110010000000000000010000100000030001000001
1000003000000000000001000000000010220100000000000000000000000010000000000000010000103000000001000001
1000000000000000000001000000000010220103000000000000000000000010000000003000010000100000000001000001
1000000000000000000001111000111110220111111111111111111000011110000111111111110000111111111111000001
1002000000000000000000300000000000000000000000000000000000000000030000000000000000000000000000000031
1002000000000000300000000000030000000000000000000300000300000000000000000000000000000000000000000001
1003000000000000000000000000000000200000000000000000000000000000000000000000000300000000000000000001
1000000000000000000000000000000000200000000000000000000000000000000222220000000000000000030000000001
1002201111111000000111111111111110000111111111111111111000001110000222220022220000001100000111000001
1002201000000000000000000000000010220100000000000000000000000010000000000000000000001000000001000001
1002201000000000000000000300000010220100000000000000000030000010000000003000000000001000000001000001
1002201000003000011111111111110010030100000011111111111111110010030220220000000000001000000001000001
1000001000000000010000000000010010000100000010000000000000010010000220220000000000001000000001300001
1000001000000000010000000000010010000100000010000000000000000010000220000000000030001000000001000001
1000001000000000000002222203010010000100000010000000000000000010000000000222000000001000000001000001
1000001000000000000002222200010010000100003010003000000003000010000000000000000000001000300001000001
1003001003000000000032222200010010000100000010000000000000000010000000000000000000001000000001000001
1000001000000000000000000000010310000100000010000000000000010010000000003000000000001000000001002201
1000001000000000000000000000010010000100000010000000000000010013000000000000000000001000000001002231
1000001022000000010000000000010010020100000011111111111111110010000000000000000000001000000001002201
1000001022000000010000000300010010020100000000000030000000000010000030000000000003001000000001002201
1000001022000300011111111111110010020100300000000000000000000010000000000222222200001000300001000001
1000001022000000000000000000000010000100000000000000000000000010000000000003000000001111111111000001
1000001000000000000000000000000310000100000000000000000000000010000000000000000000000000000000000001
1000001000000000000000000000000010000100111111111111110030000010000000000000000003000000000000000001
1003001000000000000030000000000010000100100000300000010000000010000030000000000000022200000000003001
1000001031000011111111111000000010000100100000000000000000000010000000000000000000000000000000000001
1000001001000000000000001000000010000100100000000000000000000010000111111111111100000000000000000001
1000001001000003000000001000000010000100100000000000000000000010000100000000000100022200000000000001
1000001001000000000000001000000010000100100000002200000000003010000100000300000100022200000000000001
1000001001000000200222001300000010000100130000002200000000000010000000000000000103000000030000000001
1000001001000000200222001000000010000100100000002203010220000010222222200000000100022000000000002001
1300001001000000000222001000003010000100100000302200010220000010000000000000000100022000000000002001
1000001301000030200222001000000010000100100000002200010220000010000000000000000100000000000000002001
1000001001000000000222001000000010000100100000000000010220000010000000002222200100000000000000002301
1000001001000000000000001000000010000100100000000000010220300010030100000000000103000000000300002001
1000001001000000000000001000000010300100100000000000010220000010000100022220000102200000000000000001
1003001001111111111111111000000010000100111111111111110220000010000100022220000102200030000000000001
1000001000000000000030000000003010000100000003000000000000000010000100022220300102200000000000000001
1000001003000000000000000000000010000100000000000000000000000010000100000000000102200000000000000001
1000001111111111111111100001111110000111111111111111100000111110000111111111111102200000030000000001
1000000000000000000000000000000000000000000000000000000030000000000000000000000000000000000000000001
1000000000000000000000000000000000000000000000000000000000000000000000000000003000030000000000300001
1000000000000000000000000000000000000000000000000000000000000000000300000000000000000000000000000001
1300000000000000000000000000000000000000000003000000000000000300000000000000000000000000000000000001
1000000300000003000000003000000030000000000000000000000000000000000000000300000000000000000000000001
1111111111111111111111111111111111111111111111111111111111111111111111111111111111114444411111111111
