1111111111111111111111111111111111111111111111111111111111111111111111111111111111111111111111111111
1000000000000000000000000000000030000000003000003000000000000000000000000000000300000000300000000001
1000000000000000000000000300000000000000000000000000000000003000000000322000000000000000000000000001
1000000000000000000000000000000000000000000000000000000000000000000000022000000000000000000030000001
1300000030000000003000000000000000003000000000000000030000000000000000022000000000000000000000000001
1000002200000000000000000000000000000000000000000000000000000000000000022000000000000000000000000031
1000002200011111111111111111000010000111000011111111111111111110000000000000000000300000000002202201
1000002200010000000000000000000010000100000000000000000000000010000000000000000000022000000002202201
1000000000010000000000000000000013000100000000000000000002220010000000000000000000022030000002200001
1000000000010000000000000000000010000100111111111111111102220010000000000000000000022000000000000001
1000000030010000300000000000000010000100100000000000000102220010300000000030000000022000000003000004
1000000000010000022022002003000010000100130000000300000102220010000000000000000000000000000002222004
1030000000010000022022002000000010000100000000002222200102220010000000000000000000000000000002222004
1000000000010000000022032000000010000100000000002222200100000010000000000000000000000000000200000004
1000000000010000000000002000000010000100000000002222200100000010000022220000000000000000000200000004
1000000000010000000000000000003010000100000000000000003102200013000022220000000000000300000200000001
1000000000010222030000000000000010000100102000000000000102200010000000000000000000000000000230000001
1000000000010222000000000000000010000103102000002200000102200010000000000000003000000000000200000001
1000000000310000000000000000000010000100102000002200000100000010003000030000000000000000000000000301
1000000000010000000000000000000010300100100000002200220102200010000000000000000000000000000000000001
1000030000010000002200000000300010000100100000000000220102200010000000002222000000000000000000000001
1000000000010000002200000000000010000100100000000003220100000010000000002222000000111111111111000001
1000000000010000000003000000000010000100100000000000000100300010000030000000000000100000000001000001
1000000000010003002200200000000010000100100003000000000100000010000000000000000000100000000001000001
1000000000010000002200200000000010000100100000000000000100000010300000002200000000100000000001300001
1020000003010000002200200000000010000103100000000300000100000010000000000000030000100030000001000001
1023000000010000000000200000000010000100100000000000000100000010000000002200000000100000000001000001
1020000000010000000000003000000010000100111111111111111100000010000000002200000000100000000001000001
1020000000011111111111000011111110000100000000000000000000000010000030000000000000100000000001000001
1020000000000000000000000000000000000100000000000000000000000010000111111111110000100000000001000001
1000000030000000000000002222200000000100000000300000000000000010000100000000010000100000000001300001
1000000020000000000000000003000003000100000000000000000030000310000100000000010300100000000001000001
1000000020000000000000000000000000000100000001111111100001110010000100000000010000100000030001000001
1000000020000000000031111100001110000100000001000000000000010010000103000000010000100000000001000001
1000000000030000220001000000000010000130000001000000000000010010300100000003010200100002200001000001
1000300000000000220001000003000010000100000001003000030000013010000100000000010200100002200001000001
1000000000000000220001000000000010000100000001000000000000010010000100000000010200100002200001003001
1000000000000000220001000000000010000100000001000222220000010010000100000000010000100002200001000001
1000000222220000000001000000000010000100000001000222220000010010000100000000010000100002200300000001
1000000000000300000001000000000010000100000001000000000000010010000100000020010000130000000000000001
1000000000000000000001000000000010000103000001000003000000310010300100000020013000100000000000000001
1000000220200002220001000000030010300100000001000000000000010010000100000020010000100000000000030001
1000000220000002220001300000000010000100000001000000000000010010000100300020010000100000000000000001
1300000220000000000001000000000010000100000001300000000000010010000100000020010000100000000001000001
1000000000000000030001000000000010000100000001000000000000010010000100000000010000100000000001000001
1000000003000000000001000000000010000100000001000000000000010010000100000000010000100000000001000001
1022200222200000000001000000000010000100000001000000000300010010000100000000010000100003000001000001
1022200222200000000001000000000010000100000001000000000000010010000100000000013000100000000001000001
1000000000000000000001000000000010000100000301000000000000010010000100030000010000100000000001000001
1022000000000000000001000000000010030100000001000302220000010010000100000000010000100000000001000001
1022000002222222000001000000000010000100000001000002220000010010030100000000010000100000000001300001
1000300002222222000001000000000010000100000001000000000000010010000100000000010000100000000001000001
1000000000000000300001000030000010220100000001000000000000010010000000000000010000100000000001000001
1000000000000000000001000000000010220100000001111111111001110010000000000000010030100000030001000001
1000000000000000000001000000000010220100000000000000300000000010000000030000010000100000000001000001
1000000000000000000001000000000010220100000003000000000000000013000000000000010000100000000001000001
1000000000000000000001111000111110220111111111111111111000011110000111111111110000111111111111000001
1002000000000000000000300000000300000003000000000000000000000000000000000000000000000000000000000001
1002000003000000000000000000000000000000000000000000000003000000000000000000000000000000000003000001
1300000000000000000000000000000000200000000000000000000000000000003000000000000000000000000000000001
1000000000000000000000000000000000200000000000000030000000000000000222220000003000003000000000000001
1002201111111000030111111111111110000111111111111111111000001110000222220022220000001100000111000001
1002201000003000000000000000030010220100000000000000000000000010000000030000000000001000000001003001
1002201000000000000000000000000010220100300000000000000000000013000000000000000000001000000001000001
1002201000000000011111111111110010000100000011111111111111110010000220220000000000001000300001000001
1000001000000000010000000000010010000100000010000000000000010010000220220000000000001000000001000001
1000301000000000010000003000010010030100000010000000003000000010000220000000000000001000000001000001
1000001000000003000002222200010010000100000010000000000000000010000000000222000000301000000001000031
1000001000000000000002222200010010000100000310000000000000000010000000000030000000001000000001000001
1000001000000000000002222200010010000100000010000000000000000010000000000000000000001000000001000001
1000001000000000000003000000010010000100000010000000000000010310000000000000000000001000000001002201
1000001000000000000000000000010010000100000010000000000000010010000000000000000000001000000001002201
1000001022000000010000000000010010020100000011111111111111110010000000000000000300001000000001002201
1000001022000000010000000030010010020100000000000000000000000010000000000000000000001000000001002231
1300001322000000011111111111110010020100000000000003000000000010000000000222222200001000003001000001
1000001022000000000030000000000010300100000000000000000000000010000300000000000000001111111111000001
1000001000000030000000000000000010000100000000000000000000000010000000000030000000000000000000000001
1000001000000000000000000000000010000100111111111111110000000010000000000000000000300000000000000001
1000001000000000000000000000000010000100130000000000010000030010000000000000000000022200000000000031
1000001001000011111111111000003010000100100000000000000000000010000000000000000000000000000000000001
1000001001000000000000001000000010000100100000000000000000000010000111111111111100000000000000000001
1000031001000000000000001000000010000100100000030000000000000013000100000000000100022200000000000001
1000001001000300000000001000000010000100100000002200000000000010000130000000000100022200000030000001
1000001001000000200222001030000010000100100000002200000000000010000000000000000100003000000000000001
1000001001000000203222001000000010000103100000002200010220000010222222200030000100022000000000002001
1000001001000000000222001000000010000100100000002200010220000010000000000000000100022000000000002001
1000001001000000200222001000000010300100100000002200010220000310000000000000000100000000000000002001
1003001001000000000222001000000010000100100000000003010220000010000000002222200100000000000000002001
1000001001000000000000001000000010000100103000000000010220000010000100000000000130000000000000002001
1000001001000000000000001000000010000100100000000000010220000010000100022220000102200000300000300001
1000001001111111111111111000000010000100111111111111110220000010000100022220000102200000000000000001
1000001030000000000000030000000010000100000000000300000000000010000100022220000102200000000000000001
1300001000000030000000000000000010000100000000000000000000000010000100030000000102200000000000000001
1000001111111111111111100001111110000111111111111111100000111110000111111111111102200000000000000001
1000000000000000000000000000003000000000000000000000000000000000000000000000000000000000000000000001
1000000000000000000000000000000000000000000000000000000000030000000030000000000000000000000000000001
1000000000000000000000000000000000000000000000000000000000000000000000000000000000000000000003000001
1003000000000000000000000000000000000300000000030000000000000000000000000000003000000030000000000001
1000000000300000003000000000000000000000000000000000030000000000000000000000000000000000000000000031
1111111111111111111111111111111111111111111111111111111111111111111111111111111111114444411111111111
