1111111111111111111111111111111111111111111111111111111111111111111111111111111111111111111111111111
1030000000000000000000000000000000000000000000000030000000000000000000000000000300000000000000000031
1000000000000000000000000000000000000000000000000000000000000000000000022000000000003000000000000001
1000000000000000000003000000000000000000000000000000000000000030000000022300000000000000000000000001
1000000000000000300000000030000000000000000300000000000300000000000000022000000000000000000000000001
1000002200030000000000000000000000030000000000000000000000000000000000022000000000000000000300000001
1000002200011111111111111111000010000111000011111111111111111110000000000000000000000000000002202201
1000002200010000000000000000000010000100000000000000000000030010000000000000000000022030000002202201
1000000000010000000000000000000010000100000000000003000002220010000000000000000003022000000002200031
1000000000010000000000000003000010000100111111111111111102220010000000000000000000022000000000000001
1003000000010000000000000000000010000100100000000000000102220010000000000000000000022000000030000004
1000000000010000022022002000000010000100100030000000000132220010000000000300000000000000000002222004
1000000000010030022022002000000010000100000000002222200102220010003000000000000000000000000002222004
1000000030010000000022002300000010000100000000002222200100000310000000000000000000030000000200000004
1000000000010000000000002000000010000100000000002222200100000010000022220000000000000000000200000034
1000000000010000000000000000000013000100000000000000300102200010000022220000000000000003000203000001
1000000000010222000000000000000010000100102000000000000102200010000000000000000000000000000200000001
1000000000010222300000000000000010000100102000002200000102200010000000000030000000000000000200000001
1000000030010000000000030000000010000100102000002200000100000010000000000000000000000000000000000001
1000000000010000000000000000030010000100130000002200220102230010000000000000000000000000030000030001
1030000000010000002200000000000010000100100000000000220102200010000000002222000003000000000000000001
1000000000010000002200000000000010000100100000000000220100000010000000002222000000111111111111000001
1000000000010000030000000000000010300100100000000000000100000010000000000000000000100000000001000001
1000000000013000002200200000000010000100100000000000000100000010000000000000000000100000000001000031
1000000000010000002200200000000010000103100000000000000100000010000000002200300000100000000001000001
1020000000010000002200200000000010000100100003000000003100000010000000000000000000100000000001000001
1320000000010000000000200000300010000100100000000000000100000010030000002200000000100000000031000001
1020000000010000000000000000000010000100111111111111111100000010000000302200000000130000000001000001
1020000000011111111111000011111110000100000000000000000000000010000000000000000000100000000001000001
1020000300000000000000300000000000300100003000000000000000000010000111111111110000100000000001000001
1000000000000000000000002222200000000100000000000000000000000010000100000000010000100000000001000001
1000000020000000000000000000000000000100000000000000000000000013000100000000010000100000000001000001
1000000020000000000000000000000000000100000001111111100001110010000100000000010000100000000001000001
1000000020003000000001111100031110000100000001000000000000010010000100000000010000100000000001000031
1003000000000000220001000000000010000100000001000000030000010010000100000000010230100002200001000001
1000000000000000220001000000000010003100000001000000000000010010000100003000010200100002200031000001
1000000000000000220001000000000010000100000001000000000000010010000100000000010200100002200001000001
1000000000000000220001000000000010000100000031000222220000010010000100000000010000100002200001000001
1000000222220000000031000000000010000100000001000222220000010010300100000000010000100002200000000001
1000000000000000000001000000000310000103000001000030000000010010000100000020010000100000000000000001
1000000000000000000001000000000010000100000001000000000000010010000100000020010000130000000000000001
1003000220200002220001000000000010000100000001000000000000310010000100000020010000100000000000000301
1000000220000002220001000000000010000100000001000000000000010010000100000020010000100000000000000001
1000000220000000000001000000000010000100000001000000000000010010000100000020010000100000000001000001
1000000000000000000001000000000010000100000001000000000000010010030100000000010000100000000001000001
1000000000000000000001000000000010000100000001000000030000010010000100000000010000100000000301000001
1022203222200000000001000000000010000100000001000000000000010010000100030000010000100300000001000031
1022200222200003000001000030000010000130000001030000000000010010000100000000010000100000000001000001
1000000000000000000001000000000010000100000001000000000000010010000100000000010000100000000001000001
1022000000000000000001000000000010300100000001000002220000010010000100000000010000100000000001300001
1322000002222222000031000000000010000100000001000002220000010010000100000000010000100000000001000001
1000000032222222000001000000000010000100000001000000000300010010300100000000010000100000000001000001
1000000000000000000001000030000010220100000001000000000000010010000000000000010000100000000001000001
1000000000000000000001000000000010220100000001111111111001110010000000000000010030100000000001000001
1000000000000000030001000000000010220100003000000000000000000010000000000000010000100000000001000001
1000030000000000000001000000000310220100000000000300000000000010000000000030010000100000030001000001
1000000000000000000001111000111110220111111111111111111000311110000111111111110000111111111111000001
1002000000000000000000000000000000000000000000000000000000000000000000000000000000000000000000000001
1302000000000000000000000003000000000300000000000000000000000000000000000000000000000000000000003001
1000000000000000000000300000000000200000000000000000000000000000000000000000000030000000000000000001
1000000000003000000000000000000000200000000000000030000000000000003222220000000000000000000000000001
1002201111111000000111111111111110000111111111111111111000001110000222220022220000001100300111000001
1002201000000000000000000000000010220100000000000000000000030010000000000030000000001000000001000001
1002201000000000000000000000000010220100030000000000000000000010000000000000000000001000000001000031
1302201000000000011111111111110010000100000011111111111111110010000220220000000000001000000001000001
1000001000000000010000300000310010000100000010000000000000010010000220220000000000001000000001000001
1000001000000030010000000000010010000100000010003000000000000010030220000000300000031000000001000001
1000001000000000000002222200010010000100000010000000000000000010000000000222000000001000000001300001
1000001000000000000002222200010010000130000010000000000000000010000000000000000000001000000001000001
1000001003000000000002222200010010000100000010000000003000000010000000000300000000001000000001000001
1000001000000000000000000000010010000100000010000000000000010010000000000000000000001000000001002201
1030001000000000000000000000013010000100000010000000000000010010000000000000003000001000000301002201
1000001022000000010000000300010010020100000011111111111111110010000000000000000000001000000001002201
1000001022000000013000000000010010020100000300000000000000000010000000000000000000001000000001002201
1000001022000000011111111111110010023100000000000030000000000010000000000222222200001000000001000001
1000001022000300000000000000000010000100000000000000000000000310000000000000000000001111111111000001
1000001000000000000000000000000010000100000000000000000003000010000000000000000000000000000000000001
1000001000000000000000000000000310000100111111111111110000000010000000030000000000300000000000000001
1300001000000000000000300000000010000100100000000000010000000010000000000000000000022200000000000001
1000001001000011111111111000000010000100100003000000000000000010030000000000000000000000000000000001
1000001001000030000000001000000010000100100000000000000000000010000111111111111100000000000030000001
1000001301000000000000001000000010000100100000000000000000000010000100000000000100022200000000000031
1000001001000000000000001000000010000100100000002203000000000010000100000000000100022200000000000001
1000001001000000200222001030000010000100100000002200000000000010000000300000300100000000000000000001
1000001001000000200222001000000010003100100300002200010220000010222222200000000100022000000000002001
1030001001000000000222001000000010000100100000002200010220000013000000000000000100022000000000002001
1000001001003000203222001000000010000100100000002200010220000010000000000000003100000000030000002001
1000001001000000000222001000000010000100100000000000010220000010000000002222200100030000000000002001
1000001001000000000000001000000010000100100000000000010220000010000100000000000100000000000000002001
1000001001000000000000001000000010000100100000003000010223000010000100022220000102200000000000000301
1000001301111111111111111000000010000100111111111111110220000010000103022220000132200000000000000001
1000001000000000000000000000000010030100000000000000000000000010000100022220000102200000000000000001
1000001000000000030000003000000010000100000000000000000000000010000100000000000102200000000000000001
1000001111111111111111100001111110000111111111111111100000111110000111111111111102200000300000000001
1000000000000000000000000000000000000000000000000000000000000000000000000000030000300000000000000001
1000000000000000000000000000003000000000000000000000000000000000000000000000000000000000000000000001
1000000000000000000000000000000000003000000000000300000030000003000000000000000000000000000000000001
1000003000030000000000000000000000000000000300000000000000000000000000000300000000000000000003000001
1000000000000000000000003000000000000000000000000000000000000000000000000000000000000000000000000001
1111111111111111111111111111111111111111111111111111111111111111111111111111111111114444411111111111
