1111111111111111111111111111111111111111111111111111111111111111111111111111111111111111111111111111
1000000300000000000000000030000000000000000000000000000000000300000000300000000000003000300000000001
1000000000000000000030000000000000000000000000000003000000000000000000022000000000000000000000000001
1000000000000030000000000000000000000300000000000000000000000000000000022000000000000000000000000001
1000000000000000000000000000000000000000000000000000000000000000000000022003000000000000000000000031
1000002200000000000000000000030000000000003000000000000030000000000000022000000000000000000000000001
1000002200011111111111111111000010000111000011111111111111111110000000000000000030000000000002202201
1300002230010000000000000000000010000100000000000000000000000010000000000000000000022030000002202201
1000000000010000000000000000000010000100000000000000000002220010030000000000000000022000000002200001
1000000000010000000000000000000010000100111111111111111102220010000000000000000000022000000003000001
1000000000010000000030000000000010300100100000000000000102220010000000000000000000022000000000000004
1000000000010000022022002030000010000100100000000030000102220010000000000000000300000000000002222004
1000003000010000022022002000000010000100003000002222200102220010000000300000000000000000000002222004
1000000000010000000022002000000010000100000000002222200100030010000000000000000000000000000200000004
1000000000010003000000002000000010003100000000002222200100000010000022220000000000000000000200000004
1000000000010000000000000000000010000100000000000000000102200010000022220000000000000030000230000001
1000000000010222000000030000000010000100102000000000003102200010000000000000000000000000000200000001
1300000000010222000000000000000010000100102000002200000102200010000000000000000300000000000200000001
1000000000010000000000000000000010000100102000002200000100000010000000000000000000000000000000000001
1000000000010000000000000000000010000103100000002200220102200010000000000000000000000000000000000031
1000030000010000032200000000003010000100100000000000220102200010000000002222000000000000000000000001
1000000000010000002200000000000010000100100000000000220100000010000030002222000000111111111111000001
1000000000010000000000000000000010000100100003000000000100000010000000000000000000100000000001000001
1000000000010000002200200000000010000100100000000003000100003010000000000000000000100000000001000001
1000000000010000002200200000000010000100100000000000000100000010000000002230000300100000000001000001
1020000000010000302200200000000010000100100000000000000100000010000000000000000000100000000001000001
1020030000010000000000200003000013000100100000000000000100000010003000002200000000100000000001000001
1020000000010000000000000000000010000100111111111111111100000010000000002200000000103000000001300001
1020000000311111111111000011111110000100000000000000000000000010000000000000000000100000000001000001
1020000000000000000000000000000000000100000000000000000000000010000111111111110030100000000001000001
1000000000000000000000002222200000003100000000000030000000000010000100000000010000100000000001000001
1000000020000000000000000000000000000100000000000000000030000010000100000000010000100000000001000001
1000000020000000000000003000000000000100000031111111100001110010000100000000010000100000000001000001
1000000023000000000001111100001110000100000001000000000000010010000100000003010000100000030001000001
1300000000000000220001000000000010000100000001000000000000010010000100300000010203100002200001000001
1000000000000000220301000000000010000103000001000000000000010010300100000000010200100002200001000001
1000000000000030220001000000000010000100000001000000000000010010000100000000010200100002200001003001
1000000000000000220001000000003010000100000001000222223000010010000100000000010000100002200001000001
1000000222220000000001000000000010000100000001000222220000010010000100000003010000100002200000000001
1000000003000000000001000000000010000100000001000000000000010010000100000020010000103000000000000001
1000000000000000003001000000000010000100000301000000000000010010000130000020010000100000000000000001
1000000220200002220001000300000010000100000001000000000000010010000100000020010000100000000000000001
1000000220000002220001000000000010000100000001000000000030010010000100000020010000100000000000000001
1000000220000000000001000000000010300100000001000000000000010010000100000020010000100030000001003001
1000000000000000000001000000000010000100000001000030000000010010000100000000010030100000000001000001
1000000000030000000001000000000010000100000001000000000000010010000100000000010000100000000001000001
1022203222200000000001000000030010000100000001000000000000010013000100000000010000100000000001000001
1322200222200000000001000000000010000100000001000000000000010010000100003000010000100000000001000031
1000000000000000000031000000000010000100003001000000000000010010000100000000010000130000000001000001
1022000000000000000001000000000010000100000001000002220000010010000100000000010000100000000001000001
1022000002222222000001000003000010300100000001000002220000010010000100000000013000100000000001000001
1000000002222222000001000000000010000100000001000000000300010010000100000000010000100000000001000001
1000000003000000000001000000000010220100000001000000000000010010000000300000010000100000003001000001
1000000000000000300001000000000010220100000001111111111001110010300000000000010000100000000001000001
1000000000000000000001030000000010220100000030000000000000000010000000000030010000100000000001000001
1000000000000000000001000000000010220100000000000000000000000010000000000000010000100000000001000001
1000000000000000000001111000111110220111111111111111111000011110000111111111110000111111111111000001
1302000000000000000000000000000000000300000000000000000000000000000000000000000000030000000000000001
1002000000000000000000000003000000000000000000000000000000000003000300000000030000000000000000000031
1000003000000000000300000000000000200000000000000000000000000000000000000000000000000000000000000001
1000000000000000000000000000000000200000000300000030000000000000000222223000000000000000000000000001
1002201111111000000111111111111110000111111111111111111000001110000222220022220000001100000111000001
1002201000003000000000000000000010220100000000000000000000003010000000000000000000001030000001000001
1002201000000000000000000000000010220100000000000000000000000010000300000000000030001000000301000001
1002201000000000011111111111110010000100000011111111111111110010000220220000000000001000000001000001
1000001000000000010000003000013010000100000010000000000000010010000220220300000000001000000001000001
1000001000000000010000000000010010000100003010000000000000000010000220000000000000001000000001000001
1000001000000000000302222200010010000100000010000030000000000010000000000222000000001000000001000001
1000031000000300000002222200010010000100000010000000000000030010000000000000000000001000000001000031
1000001000000000000002222200010010000100000010000000000000000010000000000000000000301000300001000001
1000001000000000000000000000010010000100000010000000000000010010030000000000000000001000000001002201
1000001030000000000000000000013010000100000010000000000000010010000000000000030000001000000001002201
1000001022000000010000000000010010020100000011111111111111110010000000003000000000001000000001002201
1000001022000000010000000000010010020130000000003000000000000010000000000000000000001000030001302201
1000001022003000011111111111110010020100000000000000000000000010000000000222222200001000000001000001
1000001022000000000000000300000010000100000000000000000000000010000300000000000000001111111111000001
1000001000000000000000000000000010000100000000000000000000000010000000000000300000000000000000000001
1000001000000000000000000000000010000100111111111111110000000010000000000000000000000000000000000301
1000301000000000030000000000000010030100130000000000010000030010000000300000000000022200000000000001
1000001001000011111111111000000010000100100000000000000000000010000000000000000003000030000030000001
1000001001000300000000301000000010000100100000000030000000000010000111111111111100000000000000000001
1000001001000000000000001000000010000100100000000000000000000010000100000000000100022200000000000001
1000001001000000000000001000000010000100100000002200000000000010000100000000000100022200000000000001
1000001001000000200222001000000010000100103000002200000000000010000000000000000100000000000000000001
1000001001000000200222001003000010000100100000002200010220300010222222200000000100022000000000002001
1000031001000030000222001000000010000100100000002200010220000010000000000000000100022000000000002001
1000001001000000200222001000000010003100100000002200010220000010003000000000000100000000000000002031
1000001001000000000222031000000010000100100000000000010220000010000000002222200100000003000000002001
1000001001000000000000001000000010000100100000000030010220000010000100000000030100000000000000002001
1000001301000000000000001000000010000100100000000000010220030010000100322220000102200000000000000001
1000001001111111111111111000000010000100111111111111110220000010000100022220000102200000000000000001
1003001000000000000000000000000010000100000000000000000000000010000100022220000102200000000000000001
1000001000000000000300000000300010000100000000000000000000000010000100000000000102200000000000003001
1000001111111111111111100001111110000111111111111111100000111110000111111111111102200000000000000001
1000000000300000000000000000000000000000000030000000000000000000000000003000000000000000000000000001
1000000000000000000000000000000000003000000000000000000000000000300000000000000000000000000000000001
1000000000000000000000000000000000000000000000000000003000000000000000000000000000000000003000000001
1003000000000000000000000000000000000000000000000000000000000000000000000000000000300000000000000001
1000000000000030000000030000000300000000000000000000000000000000000000000000000000000000000000000031
1111111111111111111111111111111111111111111111111111111111111111111111111111111111114444411111111111
