1111111111111111111111111111111111111111111111111111111111111111111111111111111111111111111111111111
1000000000003000000000000000000000000000000000000000000300000000000000003000000000000000000000030001
1003000000000000000000000000000030000000000030000000000000000000000000022000000000000000300000000001
1000000000000000000000000000000000000000000000000300000000000000000000022000000000000000000000000001
1000000000000000000003000000000000000000000000000000000000000000000000022000000003000000000000000001
1000002200000000000000000000000000000003000000000000030000000030000000022000000000000000000000000001
1000002203011111111111111111000010000111000011111111111111111110000000000000000000000000000002202201
1000002200010000000000000000000010000100000000000000000000000010000000000300000000022000000002202231
1300000000010000000000000000000010000100000000030000000002220010000000000000000000022000000002200001
1000000000010000000000000000000010300100111111111111111102220010000000000000000000022300000000000001
1000000000010000000000000000000010000100100000000000000102220010000000000000000000022000000030000004
1000000000010300022022002000000010000100100000000000000102220010000000000000000000000000000002222004
1000000000010000022022002000000010000100000300002222200102220010000300000000000300000000000002222004
1030000000010000000022002000000010000100000000002222200100000010000000000000000000000000000200000004
1000000030010000000000002000000010000100000000002222230100000310000022220000000000000000000200030004
1000000000010000000000000300000010000100000000000000000102200010000022220000000000000000000200000001
1000000000010222000000000000000010000100102000300000000102200010000000000000000000000000000200000001
1000000000010222000000000000000010000100102000002200000102200010000000000000000000000000000200000001
1000000000010000003000000000000310000100132000002200000100000010000000030000000000000000000300000001
1000000000010000000000000000000010000100100000002200220102200010000000000000000000003000000000000001
1000300000010000002200000000000010000100100000000000220102200010000000002222000000000000000000000001
1000000000010000002200000000000010000100100000000030220130000010000000002222000000111111111111000001
1000000000010000000000000000000010000100100000000000000100000010000000000030000300100000000001000001
1000000000010030002200200000000010000100100000000000000100000010000000000000000000100000000001003001
1000000000010000002200200000000010000100100000000000000100000013000030002200000000100003000001000001
1320000000010000002200200000003010030100100000000000000100000010000000000000000000100000000001000001
1020000000010000000000200000000010000100100000000000000100000010000000002200000000100000000001000001
1020003000010000000000000300000010000100111111111111111103000010000000002200000300100000000301000001
1020000000011111111111000011111110000100000003000000000000000010000000000000000000100000000001000001
1020000000000000003000000000000000000100000000000000000000000010000111111111110000100000000001000001
1003000000000000000000002222200000000100000000000000000000000010000100300000010000100000000001000001
1000000020000000000000000000000030000100000000000000000000000010000100000000010000100000030001000001
1000000020000000000000030000000000000100000001111111100001110010300100000000010000130000000001000001
1000000020000300000001111100001110000100000001000000003000010010000100000000010000100000000001000001
1000000000000000220001000000000010000100000001000000000000010010000100000000010200100002200001000001
1000000000000000220001000000000010000100000001300000000000010010000100000000010200100002200001000301
1000000000000000220001000000000010300100000001000000000000010010000100030000010200100002200001000001
1000000000000000220001000000000010000103000001000222220000010010030100000000013000100002200031000001
1000000222220000000001000000000010000100000001000222220000013010000100000000010000100002200000000001
1003000000300000000301000300000010000100000001000000000000010010000100000020010000100000000000000001
1000000000000000000001000000000010000100000001000000000000010010000100000020010000100000000000000001
1000000220200002220001000000003010000100000031000000000000010010000100003020010000100000000000000001
1000000220000002220001000000000010000100000001000003000000010010000100000020010000103000000000000001
1000000220000000000001000000000010003100000001000000000000010010000100000020010000100000000001000001
1000000000000000000001000000000010000100000001000000000000010010000100000000010000100000000001000001
1000000000000000000001000000000010000100000001000000000000010010300100000000013000100000000001000001
1022200222200000030001000000000010000100300001000000000030010010000100300000010000100000000031000001
1022200222230000000001030000000010000100000001000000000000010010000100000000010000100000000001000001
1000000000000000000001000000000010000100000001000000000000010010000100000000010000100000000001000001
1022000300000000000001000000000010000100000001003002220000010010000100000000010000100000000001003001
1322000002222222000001000000000010000100000001000002220000010010000100000000010000100000000001000001
1000000002222222000001000000000010000100000301000000000000010010000100000000010000130000000001000001
1000000000000000030001000000000010220100000001000000000000010010000000000300010000100000000001000001
1000000000000000000001000300000010220100000001111111111031110010030000000000010300100000000001000001
1000000000000000000001000000000010220100000000000000000000000010000000000000010000100000000301000001
1000000000003000000001000000000010223100000000003000000000000010000000000000010000100000000001000031
1300000300000000000001111000111110220111111111111111111000011110000111111111110000111111111111000001
1002000000000000000000000000000000000000000000000000000000000000000000000000000000000000000000000001
1002000000000000000000000000000000000000000000000000000000000000000000003000000000000000000000000001
1000000000300000000000000000000000200000000000000000000000000000000000000000000000000000000000000001
1000000000000000000300000000000000200000003000000003000000000000000222220000030000000000000000000001
1302201111111000000111111111111110000111111111111111111000001110000222220022220000301100000111000001
1002201000000000000000000000300010220100000000000000000000300010003000000000000000001000000001000031
1002201000000000000000000000000010220100000000000000000000000010000000000000000000001000000001000001
1002201000000000011111111111110010000100000011111111111111110010000220220000000000001000000301000001
1000001000000000010000000000010010000100000010000000000000010010000220220000000000001000000001000001
1000001030000000010000000000010010000100000010000000000000000010000220000030000000001003000001000001
1000001000000300000002222200010010000100000310000000000000000010000000000222000000001000000001000001
1300001000000000000002222200010010000100000010000000000000000010000000000000000000001000000001000001
1000001000000000000002222200010010000100000010000000030000000310000000000000000000001000003001000001
1000001000000000000000000300010010030100000010000000000000010010000000000000000000301000000001002201
1000001000000000000000000000010010000100000010000300000000010010000000000000000000001000000001002201
1000001022000000013000000000010010020100000011111111111111110010000000030000030000001000000001002201
1000001022000000010000000000010010020100000000000000000030000010000000000000000000001000000001002231
1000001022000030011111111111110010020100000000000000000000000013000000000222222200001030000001000001
1000001022000000000000000000000010003100000000000000000000000010000000000000000000001111111111000001
1000001000000000000000000000000010000100000000000000000000000010000000000000000000000000000000000001
1003001003000000000000000000000010000100111111111111110000000010000000000000000000000000000000300001
1000001000000000000300000000030010000100100030003000010000000010300000000030000000022203000000000001
1000001001000011111111111000000010000100100000000000000000000010000000000000000000000000000000000001
1000001001000000000000001000000010000100100000000000000000000010000111111111111100000000000000000001
1000001001000000000000001000000010000103100000000000300003000010000100000000000100022200000000000031
1000001001000000000000001003000013000100100000002200000000000010000100000000000100022200000030000001
1000001001000000230222001000000010000100100000002200000000000010000000000000030100000000000000000001
1000301001000000200222001000000010000100100000002200010220000010222222200000000100322000000000002001
1000001001000000000222001000000010000100100000002200010220000010000000003000000100022000000000002001
1000001001000000200222001000000010000100100030002200010220000010000000000000000100000000000000002001
1000001001000000000222001000000010000130100000000000010220000010000000002222200100000000000000002001
1000001001300000000000001000030010000100100000000000010220000013000100000000000100003000000000002001
1000001001000000000300001000000010000100100000000000010220000010000100022220000102200000000000000031
1000001001111111111111111000000010000100111111111111110220000010000100022220000102200000000300000001
1000001000000000000000000000000010000100000000000030000000000010000100022220000102200000000000000001
1000001000000000000000000000000010000100300000000000000000000310000100000000000102200000000000000001
1000001111111111111111100001111110000111111111111111100000111110000111111111111102200000000000000001
1000000000000000000000000000300000000000000000000000000000000000003000030000000000000000000000000001
1030000300000000000000000000000000000000000030000000000000000000000000000000000000000300000000300001
1000000000000000000000000000000003000000000000000000000000000000000000000000000000000000000000000001
1000000000000000000000000000000000000000000000000000000300000000000000000000003000000000000000000001
1000000000000003000000030000000000000000300000000000000000000030000000000000000000000000003000000001
1111111111111111111111111111111111111111111111111111111111111111111111111111111111114444411111111111
