1111111111111111111111111111111111111111111111111111111111111111111111111111111111111111111111111111
1000000000000000000000300000000000030000000000000000000000000000003000000000000003000000300000000301
1000000030000000000000000000000000000000000000000000000000000000000000022000000000000000000000000001
1000000000000000000000000000000000000000000030000000003000000300000000022000000000000000000000000001
1300000000000003000000000000000000000000000000000000000000000000000000022030000000000000000000000001
1000002200000000000000000000000300000000000000000000000000000000000000022000000000000000000000000001
1000002200011111111111111111000010000111000011111111111111111110000000000000000003000000000002202231
1000002200010000000300000000000010000100000000003000000000000010000030000000000000022000000002202201
1000000000010000000000000000000010000100000000000000000002220010000000000000000000022000000002200001
1000000000013000000000000000000010000100111111111111111102220010300000000000000000022000003000000001
1000000000010000000000000000000010000100100000000000000102220010000000000000000000022000000000000004
1000000000010000022022002000000010000100100000000000000102220010000000030000030000000000000002222004
1000000000010000022022002000000010000130000000002222230102220010000000000000000000003000000002222004
1000000030010000000022002000000310000100000030002222200100000010000000000000000000000000000200000004
1000000000010000003000002000000010000100000000002222200100000010030022220000000000000000000200000004
1030000000010000000000000000000010000100000000000000000102203010000022220000000000000000000200000001
1000000000010222000000000000000010000100102000000000000102200010000000000000000000000000000230000001
1000000000010222000003000000000010000100102000002200300102200010000000000000000000000300000200000001
1000000000010000000000000000000010000100102030002200000100000010000000000000000000000000000000000001
1000000000010000000000000000000010003100100000002200220102200010000000000000300000000000000000000001
1000000000310000002200000000000010000100100000000000220102203010000000002222000000000000000000003001
1003000000010000002200000000300010000100100000000000220100000010030000002222000000111111111111000001
1000000000010000000000000000000010000100100000000000030100000010000000000000000000100000000001000001
1000000000010003002200200000000010000100100000000000000100000010000000000000000000100000000001000001
1000000000010000002200200000000010000100100030000000000100000010000000002203000000100000000001000001
1020000000310000002200200000000010000100100000000000000100000010000000000000000000100300000001300001
1020000000010000000000230000000010000100100000000000000100000010000003002200000000100000000001000001
1320000000010000000000000000000013000100111111111111111130000010000000002200000000100000000001000001
1020000000011111111111000011111110000100000000000003000000000010000000000000000000100000000001000001
1020000000000000000000000000000000000100000000000000000000000010000111111111110000100000000001000001
1000000000030000000000002222200000000100003000000000000000000010000100000000010000103000000001000001
1000000020000000000000000000000000000100000000000000000000000010000100000000010300100000000031000031
1000000020000000000000000000000000000100000001111111100001110013000100000000010000100000000001000001
1000030020000000000001111100001110000100000001000000000030010010000100000000010000100000000001000001
1000000000000003220001030000000010000103000001003000000000010010000100030000010200100002200001000001
1000000000000000220001000000000010000100000001000000000000010010000100000000010200100002200001000001
1000000000000000220001000000000010000100000001000000000000010010000100000000010200100002200001000001
1000000000000000220001000000000010000100000001000222220000010010000100000000010000100002200301000001
1000000222220000000001000000000010300100000001000222220003010010003100000000010000100002200000030001
1000300000030000000001000000000010000100000001000000000000010010000100000020010000130000000000000001
1000000000000000000001000300000010000100000001000300000000010010000100000020010000100000000000000001
1000000220200002220001000000000010000100003001000000000000013010000100000020010000100000000000000301
1000000220000002220001000000000010000100000001000000000000010010000100000020010000100000000000000001
1000000220000000000001000000000010000100000001000000000000010010000100000023010000100000000001000001
1000000000000000000031000000000010300100000001000000000000010010000100000000010000100030000001000001
1000003000000003000001000000000010000100000001000000000000010013000100000000010000100000000001000001
1022200222200000000001000000000010000100000001000000000000010010000100000000010300100000000001000001
1022200222200000000001000300000010000100300001300000300000010010000100000000010000100000003001000001
1000000000000000000001000000000010000100000001000000000000010010000100030000010000100000000001000001
1022000000000000000001000000000010000100000001000002220003010010000100000000010000100000000001000001
1022000002222222000001000000000010000100000001000002220000010010000100000000010000130000000001000001
1000000002222222000001000000000010000100000001000000000000010010000100000000010000100000300001000001
1000300000000000000001000000000010220100000001300000000000010010000000000000010000100000000001000301
1000000003000000003001000000000010220100000001111111111001110010000000000000010000100000000001000001
1000000000000000000001000300000010223100000000000000000000000010000000000003010000100000000001000001
1000000000000000000001000000000010220100000000000000000000000010300000000000010000100000000001000001
1000000000000000000001111000111110220111111111111111111003011110000111111111110000111111111111000001
1002000000000000000000000000000000000000000000000000000000000000000000000000000000000000000000000001
1002000000000000000000000000000000000000000000000030000000000000000000000000000000000000003000000001
1000000000000300000300000000003000200000000000000000000000000000000000000000000000000300000000000001
1000003000000000000000000000000000200000000000000000000000000000000222220000000000000000000000000001
1002201111111000000111111111111110000111111111111111111000001110000222220022220030001100000111000301
1002201000000000000000000000000010220130000000000000000000000010000300000000000000001000000001000001
1002201000000000000000000030000010220100000000000000003000000010000000000003000000001000000001000001
1302201000000000011111111111110010000100003011111111111111110310000220220000000000001000000001000001
1000001000000000010000000000010010000100000010000000000000010010000220220000000000001000000001000001
1000001030000000010000000000010010000100000010000000000000000010000220000000000000001000000001000001
1000001000000000300002222200010310000100000010000030000000000010000000000222000000301000000001000001
1000001000000000000002222200010010003100000010000000000000000010000000030000030000001000000301000001
1000001000000000000002222200010010000100000010000000000000000010000000000000000000001000000001000001
1000001000000000000000000000010010000100000010000000000000010010000000000000000000001000000001002201
1000001000000000000000030000010010000100000010000000000000010010000000000000000000001000000001002201
1000001022300000010000000000010010020100000011111111111111110013000000000000000000001000000001002201
1000001022000000010000000000010010020100000000000003000000000010000000000000003000001030000001002201
1000001022000000011111111111110010020100030000000000000000000010000000000222222200001000000031000001
1300001022000000000300000000000010000100000000000000000000000010000000000000000000001111111111000001
1000001000000000000000000000000010000100000000000000000000000010000000000000000000000000000000000001
1000001000000003000000000000030010000100111111111111110000000010300000000000000000000000000000003001
1000001000000000000000000000000010000100100300000000010003000010000000030000000000022200300000000001
1000001001000011111111111000000010000100100000000000000000000010000000000000030000000000000000000001
1000001001030000000000001000000010300100100000000000000000000010000111111111111100000000000000000001
1003001001000000000000001000000010000100100000000000000000000010000100000000000100022200000000000001
1000001001000000000300001000000010000100100003002200000000000010000100000000000100022200000000000001
1000001001000000200222001000000010000100100000002200300000000013000000000000000100000000030000000301
1000001001000000200222001000000010000100100000002200010220000010222222200300000100022000000000002001
1000001031000000000222001000003010000100100300002200010220000010000000000000000100022000000000002001
1000001001000000200222001000000010000130100000002200010220300010000000000000000100000000000000002001
1000001001000030000222001000000010000100100000000000010220000010000000002222200100300000000000002001
1030001001000000000000001030000010000100100000000000010220000010000100000000000100000000000000002001
1000001001000000000000001000000010000100100000000003010220000010000100022220000102200000000300000001
1000001001111111111111111000000010000100111111111111110220000010003100022220000102200000000000000001
1000001000000000000000000000000010000100000030000000000000000010000100022220000102200000000000000031
1000001000000000000003000000000013000100000000000000000000000010000100000000003102200000000000000001
1000001111111111111111100001111110000111111111111111100000111110000111111111111102200000000000000001
1000000000003000000000000000000000000000000000000000300000000003000000000000000000000000300000000001
1000000000000000000000000000000000000000000000000000000000000000000000000000000000000000000000000001
1030000000000000000000000000000000000000000000000000000000000000000000000000000000000000000000000031
1000000000000000000000000003000000000000003000003000000000000000000000000000000000000000000000000001
1000000000000000000300000000000030000000000000000000000000003000000003000000000000300000000000000001
1111111111111111111111111111111111111111111111111111111111111111111111111111111111114444411111111111
