1111111111111111111111111111111111111111111111111111111111111111111111111111111111111111111111111111
1000000000000300000000000000000000030000000000000000000000000000000000000003000000000000000000000001
1000000300000000000000000000300000000000003000000000000000000000030000322000000003000000000000300001
1000000000000000000000000000000000000000000000000000000000000000000000022000000000000000000000000001
1000000000000000000000000000000000000000000000003000000000000000000000022000000000000000000000000001
1000002200000000000003000000000000000000000000000000000300000000000000022000000000000030000000000001
1000002200011111111111111111000010000111000011111111111111111110000030000000000000000000000002202201
1000002200010000000000000000000010000100000000000000000000000010000000000000030000022000000002202201
1030000000010000000000000000000010030100000000000000000002220010000000000000000000022000000002200031
1000000030010000000000000000000010000100111111111111111102220010000000000000000000022000003000000001
1000000000010000003000000003000010000100100000000000300102220310000000030000000000022000000000000004
1000000000010000022022002000000010000100100003000000000102220010000000000000000000000000000002222004
1000000000010300022022002000000010000100000000002222200102220010000000000000000300000300000002222004
1300000000010000000022002000000010000100000000002222200100000010000000000000000000000000000200000004
1000000000010000000000002000000010000130000000002222200100000010000022220000000000000000000203000034
1000000000010000000003000000300010000100000000000000000102200010000022220000000000000000000200000001
1000000000010222000000000000000010300100102000000000000102200010300000000000000000000000000200000001
1000000000010222000000000000000010000100102000002200000102200010000000000000000000000000000200000001
1000000000310000000000000000000010000100102000002200000100300010000000000000000000000000000000000001
1000000000010000030000000000000010000100100000002203220102200010000000000000003000000000000000000001
1000000000010000002200000000030010000100100030000000220102200010000003002222000000000000000000000001
1000300000010000002200000000000010000100100000000000220100000010000000002222000000111111111111000001
1000000000010000000000000300000010000100100000000000000100000010000000000000000000100000000001000001
1000000000010000002200200000000010000100100000000000000100000010000000000000000000100003000001000001
1000000000310000002200200000000010000130100000000000000100030010000000002200000000100000000001000001
1020000000010000002200200000000310000100100000000000000100000010000000000000000000100000000001030001
1020000000010000000000200000000010000100100000000000300100000010000003002200000000100000000001000001
1020000000010000000000000000000010000100111111111111111100000010000000002200300000130000000001000001
1020000000011111111111000011111110000100000000000000000000000010030000000000000000100000000001000001
1020000000000000003000000000000000000100000000000000000000000010000111111111110000100000000001300001
1000000000000000000000002222200000000100000000030000000000030010000100000000010000100000000001000001
1000000020003000000000000000000000000100000000000000000000000010000100000000010000100000000001000001
1030000020000000000000000000000003000103000001111111103001110010000100000030010000100000000001000001
1000000020000000000001111100301110000100000001000000000000010010000100000000010000100000000001000001
1000000000000000220001000000000010000100003001000000000000010010000100000000010200100002200001000031
1000000000000000220001000000000010000100000001000000000000010013000100000000010230100002200001000001
1000000000000000220001000000000010000100000001000000000000010010000100030000010200100002200001000001
1000000300000000220031000000000010000100000001000222220000010010000100000000010000100002200001000001
1000000222220300000001000000000010000100000001000222220000010010000100000000010000100002203000000001
1000000000000000000001000000000010000100000001000030000030010010000100000020010000100000000000000001
1000000000000000000001000000000010000100000001000000000000010010000100000020010000100000000000000001
1000000220200002220001000000000010000100000001000000000000010010000100000023010000130000000000000001
1000000220000002220001030000000010000130000001000000000000010010000100000020010000100000000000000031
1000000220000000000001000000300010000100000001030000000000010310000130000020010000100000000001000001
1000000000000030000301000000000010000100000001000000000000010010000100000000010000100000000001000001
1030000000000000000001000000000010000100000001000000000000010010000100000000010000100000000001000001
1022200222200000000001000000000010000100000001000000000000010010000100000000010000100000030001000001
1022200222200000000001003000000310000100300001000000000030010010000100000000010030100000000001000001
1000000000000000000001000000000010000100000001000000000000010010000100000000010000100000000001000001
1022000000000000000001000000000010000100000001000002220000010010000100000000010000100000000001000001
1022000002222222000001000000000010300100000001000002220000010010000100000000010000100000000001000301
1000000002222222000001000000000010000100000001000000000000010010000100000030010000100000000001000001
1000000000030000000001000000000010220100030001000000000030010010000000000000010000100000000001000001
1000000000000000000301000000000010220100000001111111111001110010003000000000010000100000003001000001
1000003000000000000001000000000010220100000000000000000000000010000000000000010000100000000001000001
1000000000000000000001000000030010220100000000000000000000000010000000000000010000100000000001000001
1000000000000030000001111000111110223111111111111111111000011110000111111111110000111111111111003001
1002000000000000000000000000000000000000000000000000003000000000000000000000000000000000000000000001
1002000000000000000000000000000000000000000000300000000000000300000000300000000300000300000000000001
1000000000000000000000030000000000200000000000000000000000000000000000000000000000000000000000000001
1000000000000000000000000000000030200000000000000000000000000000000222220000000000000000000300000001
1002201111111000000111111111111110000111111111111111111000001110000222220022220000001100000111000031
1302201030000000000000000000000010220103000000000030000000000010000000000000000000001000000001000001
1002201000000000000000000003000010220100000000000000000000000010000000000000000000001000000001000001
1002201000000000011111111111110010000100000011111111111111110010000223220000000000001000000001000001
1000001000000003010000000000010010000100000010000000000000010010000220220000000000301000000001030001
1000001000000000010003000000010010000100000010000000003000000010000220000000300000001000000001000001
1000001000000000000002222200010010000100000010000000000000000310000000000222000000001030000001000001
1000001000000000000002222200010010000100000010000000000000000010000000000000000000001000000001000001
1000001000000000000002222200010010000130000010030000000000000010000000000000000000001000000001000001
1000001000000300000000000000010010000100000010000000000000010010000000000000000000001000000001002231
1000301000000000000000000000010010000100000010000000000000010010000000000000000030001000000031002201
1000001022000000010030000000010010020100000311111111111111110010003000000030000000001000000001002201
1000001022000000010000000300010310020100000000000000000000000010000000000000000000001000000001002201
1000001022000000011111111111110010020100000000000300000030000010000000000222222200001000000001000001
1000001022000000000000000000000010000100000000000000000000000010000000000000000000001111111111000001
1000001000000000000000000000000010000103000000000000000000000010000000000000000000000000003000000001
1000001000000000000000003000000010000100111111111111110000000010000000000000300000000000000000000001
1300001000000000300000000000000010000100100000030000010000000013000000030000000003022200000000000001
1000001001003011111111111000000010000100100000000000000000000010000000000000000000000000000000000001
1000001001000000000000001000000010000100100000000000000000000010000111111111111100000000000000030001
1000001301000000000030001003000010000100100000000000000000000010000100000000000100022230000000000001
1000001001000000000000001000000010000100103000002200000000000010000100000000000100022200000000000001
1000001001000000200222001000000010003100100000002200030000000010000000000000000100000000000000000001
1003001001000000200222001000000010000100100000002200010220000010222222200000000100022000000000302001
1000001001300000000222001000000010000100100000002200010220000010000000000000000100022000000000002001
1000001001000000200222001000000010000100100000002200010220000010000000000030000100000000300000002001
1000001001000000003222001000000010000100100000000300010220030010000000002222200103000000000000002001
1000001001000000000000031000000010000100100000000000010220000010000100000000000100000000000000002001
1000001001000000000000001000000010000100100000000000013220000010000100022220000102200000000000000001
1000001001111111111111111000000010000100111111111111110220000010003100022220000102200000000030000001
1000001000000000000000000000003010000100000000000000000000000010000100022220000102200030000000000001
1000001300000000000000000000000010000100000000000000000000000010000100000000000102200000000000003001
1000001111111111111111100001111110000111111111111111100000111110000111111111111102200000000000000001
1000000000000000000000003000000000000000300000000000300000000000000000000000000000000000000000000001
1000000000000003000000000000000000000000000000000000000000000000000000000000000000000000000000000001
1300000000000000000000000000000000000000000000000000000000000000000003000000000000000000000000000001
1000000000000000000000000000000000000000000000300000000000003000000000000000030000000300000003000001
1000000000000000000000000000000003000000000000000000000000000000000000000000000000000000000000000001
1111111111111111111111111111111111111111111111111111111111111111111111111111111111114444411111111111
