1111111111111111111111111111111111111111111111111111111111111111111111111111111111111111111111111111
1000000000000000000000000000000000000000000000000000000030000000000300000000000000000003000000000001
1003000000000000003000000003000003000000000000000030000000000300000000022000000003000000000000030001
1000000000000000000000000000000000000000000030000000000000000000000000022300000000000000000000000001
1000000000000000000000000000000000000000000000000000000000000000000000022000000000000000000000000001
1000002200003000000000000000000000000003000000000000000000000000000000022000000000000000000000000001
1000002200011111111111111111000010000111000011111111111111111110000000000000000000000000003002202201
1000002200010000000000030000000010000100000000000000000000000010000000000000000000022000000002202201
1000000000010000000000000000030010000100000000000030000002220010000000000000030000022000000002200001
1000000000010000000000000000000010000100111111111111111102220010030000000000000000022300000000000001
1000000000010000000000000000000010000100100000000000000102220010000000003000000000022000000000030004
1000003000010000022022002000000010000100100300000000000132220010000000000000000000000000000002222004
1000000000010000022022032000000010000100000000002222200102220010000000000000000000000000000002222004
1000000000010000000022002000000010003100000000002222200100000010000000000000300000000000003200000004
1000000000010000000000002000000010000100000000002222200100000010000022220000000000000000000200000004
1000000000010000000000000000000310000100000000000000030102203010000022220000000000000000000200000001
1000000000010222000000000000000010000100102000000000000102200010000300000000000000000000000200000001
1000000003010222300000030000000010000100102000032200000102200010000000000000000000000000000200000001
1000000000010000000000000000000010000130102000002200000100000010000000000000000000000000000000003001
1000000000010000000000000000000010000100100000002200220102200010000000000300000000030000000000000001
1000000000010000002200000000000010000100100000000000220102200010000000002222030000000000000000000001
1000000000010000002200000000000010000100100000000003220100030010000000002222000000111111111111000001
1000000000010000000000000030000010000100100000000000000100000010300000000000000000100000000001000001
1000000000010000002200200000000010000100100000000000000100000010000000000000000000100000000001000001
1000000000010000002200200000000010000100100000000000000100000010000000002200000000100000000001000001
1320000030010000002200200000000010000100100030000000000100000010000000000000000000100000000001003001
1020000000010000000300200000000010000100100000000000003100000010000000032200000000100030000001000001
1020000000010000000000000000000010030100111111111111111100000010000000002200000000100000000001000001
1020000000011111111111000011111110000100000000000000000000000010003000000000000000100000000001000001
1020000000000000000000000000000000000100000000000300000000000010000111111111110000100000000001000001
1000000000000000000000002222200000000100000000000000000000003010000100000000010000100000000001000001
1000000020000000000000000000000000000100000000000000000000000010000100003000010000100000000031000001
1000000020000000030000000003000000000100300001111111100001110010000100000000010300100000000001000001
1000000020000000000001111100001110000100000001000000030000010010000100000000010000103000000001000001
1300000000030000220001000000000010000100000001000000000000010010000100000000010200100002200001000001
1000000000000000220001000000000010000100000001003000000000010013000100000000010200100002200001000001
1000000000000000220001000000000010000100000301000000000000010010000130000000010200100002200001000001
1000000300000000220001000000000013000100000001000222220000010010000100000000010000100002200001000001
1000000222220000000001000000000010000100000001000222220000010010000100000300010000100002200000000001
1000000000000000000001000300000010000100000001000000000300010010000100000020010300100000000000000001
1000000000000000000001000000000010000103000001000000000000010010000100000020010000100000000000000001
1000000220200002220001000000000010000100000001000000000000010010000100000020010000100000000000000031
1000000223000002220031000000000010000100000001000300000000010010000100000020010000100003000000000001
1000000220000000000001000000000010300100000001000000000000010010000100000020010000100000000001000001
1000000000000000000001000000000010000100000001000000000000010010000100300000010000100000000001000001
1003000000000030000001000000030010000100000001000000000000310010000100000003010000100000000001000001
1022200222200000000001000000000010000100000001000000000000010010000100000000010000100000000001000001
1022200222200000000001000000000010000100000001000000000000010010000100000000010000100000000001000001
1000000000000000000001000000000010000100000001000000000000010010000100000000010000100000000001000001
1022000000000000000001000000000010300100000001000002220000010010000100000000010000100000000001000001
1022000302222222000001000300000010000100000001000032220000010310000100000003010000100000000001000001
1000000002222222000001000000000010000100000301000000000000010010000100000000010000100000000001030001
1000000000000000000001000000000010220100000001000000000000010010000003000000010000103000000001000001
1000000000000000000001000000000010220100000001111111111001110010000000000000010000100000000001000001
1000000000000000000001000000000010220100000000000000000000000010000000000000010000100000000001000001
1000000000000000000001000000000010220100000000000000000000000010000000000000010000100000000001000001
1000000000000030000001111000111110220111111111111111111000011110000111111111110000111111111111000001
1002000030000000000000000003000000000000000000000000030000000000000000000000000000000000000300000001
1002000000000000000300000000000000000000000030000000000000000000000000300000003000000000000000000031
1030000000000000000000000000000000200300000000000000000003000000000000000000000000000300000000000001
1000000000000000000000000000000000200000000000000000000000000300000222220000000000000000000000000001
1002201111111000000111111111111110000111111111111111111000001110000222220022220000001100000111000001
1002201003000000000000000000000010220100000000003000000000000010000000000000000000001000000001000001
1002201000000000000000000000000010220100300000000000000000000010000000003000000000001000000001000001
1002201000000000011111111111113010000100000011111111111111110010003220220000000000001000000031000001
1000001000000000010000000000010010000100000010000000000000010010000220220000003000001000000001000031
1000001000000000010000003000010010000100000010000000000300003010000220000000000000001000000001000001
1000001000000000300002222200010010000100000010000000000000000010000000000222000000001000000001000001
1000001000000000000002222200010010000130000310000000000000000010000000000300000000001000000001000001
1000001000000000000002222200010010000100000010000000000000000010000000000000000000031000003001000001
1000001000300000000000000000010010000100000010000000030000010010300000000000000000001000000001002201
1000031000000000000000000000010310000100000010000000000000010010000000000000000000001000000001002201
1000001022000000010030000000010010020100000011111111111111110010000003000000000000001000000001002201
1000001022000030010000000000010010020100000000000000000000000010000000000000300000001000000001002201
1000001022000000011111111111110010020100000000000000000000000010000000000222222200001000000001300001
1000001022000000000000000000000010000100000000003000030000000010000000000000000000001111111111000001
1000001000000000000000000030000010000100300000000000000000000010000000000000000000000000000000000001
1000001000000000000000000000000010300100111111111111110000000013000000000000000000000000000000000001
1000001000030000000000000000000010000100100000000000010000300010000000000000000300022200000000000001
1030001001000011111111111000000010000100100030000000000000000010000000030000000000000000300000000001
1000001001000000000000001000000010000100100000000000000000000010000111111111111100000000000000000031
1000001001000000000000001000000010000100100000000003000000000010000100000000000100022200000000000001
1000001001000300000000001000000010000100100000002200000000000010030100000000000100022200000000000001
1000001001000000200222301000000010300100100000002200000000000010000000000000000100000000000000000001
1000001001000000200222001000300010000100100000002200010220000010222222200300000100022300000000002001
1000001001000000000222001000000010000100100030002200010220300010000000000000000100022000000000002001
1000001301000003200222001000000010000100100000002200010220000010000000000000000100000000000000002031
1000001001000000000222001000000013000100100000000000010220000010000000002222200100000000003000002001
1000001001000000000000001000000010000100100000000000310220000010000130000000000100030000000000002001
1000001001000000000000031000030010000100100000000000010220000010000100022220000102200000000000000001
1000001001111111111111111000000010003100111111111111110220000310000100022220300102200000000000000001
1000031000000000000000000000000010000100000000000000000000000010000100022220000102200000000000000001
1000001000000000000000000000000010000100003000000000000000000010000100000000000102200000000000000031
1000001111111111111111100001111110000111111111111111103000111110000111111111111102200000000000000001
1000000000000000000300000000000000000000000000030000000000000000003000000300000000000000000000000001
1000000000000000000000000000000000000000000000000000000000000000000000000000000000000030000030000001
1030000000000000000000000000000000000003000000000000000000030000000000000000000000000000000000000001
1000000000000000000000000000003000000000000000000000000000000000000000000000000000000000000000000001
1000000003000030000000000000000000000000000000000000000000000000000000000000000300000000000000000001
1111111111111111111111111111111111111111111111111111111111111111111111111111111111114444411111111111
