1111111111111111111111111111111111111111111111111111111111111111111111111111111111111111111111111111
1000000300000300000000000000000300000003000000000000003000000000000000000000000000000000000000300001
1000000000000000000000000000000000000000000003000000000000000000003000022030000000000000000000000001
1000000000000000000003000000000000000000000000000000000000000000000000022000000003000000000000000001
1000000000000000000000000000000000000000000000000000000000000000000000022000000000000000000000000001
1000002200000000000000000000000000000000000000000000000000000000000000022000000000000000000000000001
1000032200311111111111111111000010003111000011111111111111111110000000000000000000000000300002202231
1000002200010000000000000000000010000100000000000000000000000010000000300000000000022000000002202201
1000000000010000000000000000000010000100000000000000000002220310000000000000000000022000000002200001
1000000000010000000000300000000010000100111111111111111102220010000000000000003000022000000000000001
1000000000010030000000000000000010000100100000000000000102220010000000000000000000022000000000000004
1000000000010000022022002000003010000100100030000003000102220010000000000000000000000300000002222034
1000000000010000022022002000000010000100000000002222200102220010000000000000000000000000000002222004
1000000000010000000022002000000010000130000000002222200100000010000000000000000000000000000200000004
1000000000010000000000002000000010000100000000002222200103000010300022220000000000000000000200000004
1003000000010000003000000000000010000100000000000000000102200010000022220000000000000000000200000001
1000000000310222000000000000000010000100102000000000000102200010000000000003000000000000300200000001
1000000000010222000000003000000010000100102000002200000102200010000000000000000000030000000200000001
1000000000010000000000000000000010000100102000002230000100300010000000300000000000000000000000003001
1000000000010000000000000000000010000100100030002200220102200010000000000000000000000000000000000001
1000000000010000002200000000000010030100100000000000220102200010000000002222000000000000000000000001
1000030000010000002200000000000010000100100000000000220100030010000000002222300000111111111111000001
1000000000010000000000000000000010000100100000000000000100000010000000000000000000103000000001000031
1000000000010000002200200000000010000100100000000000030100000010000000000000000000100000000001000001
1000000000010300002200200000000010000100100000000000000100000010000000002200000000100000000001000001
1020000000010000002200200000030010000100100000300000000100000010000000000000000000100000000001000001
1320000000010000000000203000000010000100100000000000000100000010000000302200000030100000000001000001
1020000000010000000300000000000010000100111111111111111100000310000000002200000000100000000301000001
1020000000011111111111000011111113000100000000000000000000000010000000000000000000100000000001000001
1020000000000000000000000000000000000130000000000000300000000010000111111111110000100000000001000001
1000000000000000000000002222200000000100000300000000000000000010000100000003010000100000000001000001
1000000020000000000000000000000000000100000000000000000000000010003100000000010000103000000001000001
1000000023000300000000000000000000000100000001111111100001110010000100000000010000100000000001000301
1000000020000000000301111100001110000100000001000000000000010010000100000000010000100000000001000001
1300000000000000220001000000000310000100000031000000000000010010000100000000010200100002200001000001
1000000000000000220001000300000010000130000001000000000003010010000100000000310200100002200001000001
1000000000000000220001000000000010000100000001000000000000010010000100000000010200100002230001000001
1000000000000000220001000000000010000100000001000222220000010010000130000000010000100002200001000001
1000000222220030000031000000000010000100000001000222220000010010000100000000010000100002200000000001
1000000000000000000001000000000010000100000001000000000000010010000100000020010000100000000000000001
1000000000000000000001000300000010000100000001000000300000010010000100000020010000100000000000000001
1000000220200002220001000000000010000100000001000000000000010010000100000020010030100000000000000001
1000000220000002220001000000000310000100000001000000000000010010000100000320010000100000000000000031
1300000220000000000001000000000010000100030001000000000000010010000100000020010000100000000001000001
1000000030000000000001000000000010000100000001000000000000013010000100000000010000103000000031000001
1000000000000000003001000000000010000100000001030000000000010010000100000000010000100000000001000001
1022200222200000000001000000000010000100000001000000300000010010000100000000010000100000000001000001
1022200222200000000001000000000010000100000001000000000000010010000100000000010000100003000001000001
1000000000000000000001003000000010000100000001000000000000010010000103000000013000100000000001000031
1022000000003000000001000000000010000100003001000002220003010010000100000000010000100000000001000001
1022000002222222000001000000000010030100000001000002220000010010000100000000010000103000000001000001
1030000002222222000001000000000010000100000001000000000000010010000100000000010000100000000001000001
1000000000000000000031000000000010220100000001000000000000010010000000000000010000100000000001000001
1000000000000000000001000000003010220100000001111111111001110010003000000000010000100000000001000001
1000000000000000000001000000000010220100000000000000003000000010000000000000010000100000003001000001
1000000000000000000001000000000010220130000000003000000000000010000000000003010000100000000001000031
1000000000300000000001111000111110220111111111111111111000011110000111111111110000111111111111000001
1002000000000000000000000000000000000000000000000000000000000000000000000000000000000000000000000001
1002000000000000000000030000030000000000000000000000000000000000000000000000000000000000000000000001
1000000000000000000000000000000000200000000000000000000000030000000000300030000000030000000000003001
1030000000000000000000000000000000200000000000000000030000000000000222220000000000000000000000000001
1002201111111000030111111111111110000111111111111111111000001110030222220022220000001100000111000001
1002201000000000000000000000000010223100000000030000000000000010000000000000000000001000030001000001
1002201000000000000000000000000010220100000000000000000000300010000000000000000000001000000001000001
1002201003000000011111111111110010000100000011111111111111110010000220220000000000001000000001000001
1000001000000000010003000000010010000100000010000000030000010010000220220000000000001000000001000001
1000001000000000010000000000010010000100000010000000000000000310000220000000003000001000000001030001
1000001000000000000002222230010010000100000010000000000000000010000000000222000000001000000001000001
1300001000000300000002222200010010000100000010000000000000000010000000000000000000001030000001000001
1000001000000000000002222200010010000100030010000000000000000010000000000000000000001000000001000001
1000001000000000003000000000010010300100000010000000000000010010000000000000300000001000000001002201
1000001000000000000000000000010010000100000010000000000000010010000000300000000000001000000001002201
1000001022000000010000000000010010020100000011111111111111110013000000000000000000001000003001002201
1000001022000000010000000300010010020100000003000000000000000010000000000000000000001000000001002201
1000001022000300011111111111110010020100000000000000000000000010000000000222222200301000000001000001
1000001022000000000000000000000310000130000000000000000000000010000000000030000000001111111111000001
1000031000000000000000000000000010000100000000000000000000003010000000000000000000000000000000000001
1000001000000000000000000000000010000100111111111111110000000010000000000000000000000000003000003001
1000001000000000000030000000000010000100100000000000010300000010000300000000000000022200000000000001
1000001001000011111111111000000010000100100000000000000000000010000000000000000000000000000000000001
1000001001000000000000001000000010000100100000000000000000000010000111111111111130000000000000000001
1000001001000000000000001003000010000100100300000000000000000010000100000000000100022200000000000001
1000001001030000000000001000000010000100100000002200000000000010300100000000000100022200003000000001
1000001001000000200222001000000010030100100000002200000030000010000000000300000100000000000000000001
1003001001000000200222001000000010000100100000002200010220000010222222200000000100022000000000002001
1000001001000000000222001000000010000100100000002200010220000010000000000000000100022000000000002001
1000001001000000200222001000000010000100100000002200010220000010000000000000000100000000000000002031
1000001001000000000222001000000010000100130000000000310220000010000000002222200100000000000000002001
1000001001300000003000001000000010000100100000000000010220030010000100300000000100003000000000002001
1000031001000000000000001003000010000100100000030000010220000010000100022223000102200000000000000001
1000001001111111111111111000000010000100111111111111110220000010030100022220000102200000000000000001
1000001000000000000000000000000010000100000000000000000000000010000100022220000102200000000000300001
1000001000000000000000000000000010000100000000000000000000000010000100000000000102200000000000000001
1000001111111111111111100001111110000111111111111111100000111110000111111111111102200000000000000001
1300000000000003000000000000000000000000000000000000000000000000000000000000000000000000300000000001
1000000000000000000000000000000000300000000000000003000000000000000000300000000000000000000003000001
1000000000000000000030000000000000000000003000000000000000030000000000000000003000000000000000000031
1000000003000000000000000000300000000000000000000000000000000000000000000000000000000000000000000001
1000000000000000000000000000000000000000000000000000000000000000000000000000000000000000000000000001
1111111111111111111111111111111111111111111111111111111111111111111111111111111111114444411111111111
