1111111111111111111111111111111111111111111111111111111111111111111111111111111111111111111111111111
1000000000000000000030000000000000000000000003000000000000000000000000000000000003000000003000000001
1000003000000000000000000000000000000000000000000000030000030000000030022000000000000000000000000001
1000000000000000000000000000000000030000000000000000000000000000000000022000000000000000000000000001
1000000000000000000000000030000000000000000000000000000000000000000000022300000000000000000000000001
1000002200000030000000000000000000000000000000000000000000000000000000022000000000000000000000000001
1000002200011111111111111111000010000111000311111111111111111110000000000000000000000000000002202201
1000002200010000000000000000000010000100000000000000000000000013000000000000000030022000000002202201
1000000000010000000000000000000010000100000000000000003002220010000000000000000000022000300002200031
1300000000010000000300000003000010000100111111111111111102220010000000000000000000022000000000000001
1000000000010000000000000000000010000100100000000000000102220010000000300000000000022000000000000004
1000000000010000022022002000000010000100130000003000000102220010000000000000000000003000000002222004
1000000030010000022022002000000010030100000000002222200102220010000000000000000300000000000002222004
1000000000010000030022002000000010000100000000002222200100000010000000000000000000000000000230000004
1000000000010000000000002000030010000100000000002222200100000010000022220000000000000000000200000004
1000000000010000000000000000000010000100000000000000000132200010000022220000000000000000000200000001
1300000000010222000000000000000010000100102000000030000102200010000000000300000000000000000200000001
1000000300010222000000000000000010000100102000002200000102200010000000000000000000000000000200000031
1000000000010000000000000000000010000100102000002200000100000010000000000000000000000030000000000001
1000000000010000000000000000000010000100100030002200220102200010300003000000000000000000000000000001
1000000000010000002200300000000010000100100000000000220102230010000000002222000000000000000000000001
1000000000010003002200000000000013000100100000000000220100000010000000002222000000111111111111000001
1000000000010000000000000000000010000100100000000000000100000010000000000000000000100000000001000001
1000000000010000002200200000000010000100100000003000000100000010000000000003000000100000030001003001
1030000030010000002200200000000010000103100000000000003100000010003000002200000000100000000001000001
1020000000010000002200200003000010000100100000000000000100000010000000300000000000103000000001000001
1020000000010000000000200000000010030100100000000000000100003010000000002200000000100000000001000001
1020000000010000000030000000000010000100111111111111111100000010000000002200000000100000000001000001
1020000000011111111111000011111110000100000000000000000000000010000000000000000000100000000001000001
1020000000000000000000000000000000000100000000000300000003000010000111111111110000100000000001000001
1000000000000000000000002222200003000100000000000000000000000010000100030000010000100000030001000001
1000000020000300000000000030000000000100000030000000000000000010000100000000010000100000000001000001
1000000020000000000000000000000000000100000001111111100001110010030100000000010300100000000001000001
1000000020000000000031111100001110000100000001000000030000010010000100000000010000100000000001030001
1030000000000000220001000000000010000100000001000000000000010010000100000000010200100002200001000001
1000000300000000220001000000000013000130000001000000000000010010000100000000010200100002200001000001
1000000000000000220001000000000010000100000001000000000000010010000100000000010200130002200001000001
1000000000000000220001000000000010000100000001300222220000010010000100000000010000100002200001000001
1000000222220000000001003000000010000100000001000222220000010310000100000000010000100002200000000001
1000000000000000000001000000000010000100000001000000000000010010000100000320010000100000000000000001
1000000000300000000001000000030010000100000001000000000000010010000130000020010000100000030000000001
1000000220200002220001000000000010000100030001000000000000010010000100000020010000100000000000000031
1300000220000002220001000000000010000100000001000000000000010010000100000020010000100000000000000001
1000000220000000000001000000000010000100000001003000000300010010000100000020010000100000000001000001
1000000000000000000301000000000010000100000001000000000000010010000100000000010003100000000001000001
1000000000000000000001000000000010000100000001000000000000010010000100000000010000100000000001030001
1022200222200000000001000003000010003100000001000000000000010010000100000000010000100030000001000001
1022200222203000000001000000000010000100000001000000000000010010000100030000010000100000000001000001
1000000000000000000001000000000010000100000001000000000000010013000100000000010000100000000001000001
1022000000000000000001000000000010000100000001000002220000010010000100000000010000100000000001000301
1022000002222222000001000000000010000100000301000002220000010010000100000000010300100000000001000001
1030000002222222000001000000003010000100000001000000030000010010000100000000010000103000003001000001
1000000000300000000001000000000010220100000001000000000000010010000000300000010000100000000001000001
1000000000000000300001000000000010220103000001111111111001110010000000000000010000100000000001000001
1000000000000000000001000000000010220100000000000000000000000010000000000000010000100000000001000001
1000000000000000000001000000000010220100000000003000000000000010030000000000010000100000000001000001
1000000300000000000001111000111110223111111111111111111000011110000111111111110000111111111111000001
1002000000000000000000003000000000000000000000000000003000000000000000000000000000000000000000000001
1002000000000000000000000000000000000000000000000000000000000000000000000000000000000000000000000001
1000000000000000000000000000000000200000000030000000000000000000000000000000030000000000000000000301
1300000000000003000000000000000000200000000000000000000000000000000222220000000000000000300000000001
1002201111111000000111111111111110000111111111111111111000001110000222220022220000001100000111000001
1002201000000000000000000000000013220100000000000000000000000010000000003000000000001000000001000001
1002201000000000000000000000000010220100000000000000000000000010300000000000000000301000000001000001
1002201003000000011111111111110010000100000011111111111111110010000220220000000000001000000001000001
1000001000000000010300000300010010000103000010030000030000010010000220220000000000001000000001000001
1000001000000000010000000000010010000100000010000000000000000010000220000000000000001300000301000001
1003001000000000000002222200010010000100000010000000000000000010000000000222000000001000000001000001
1000001000000000000002222200013010000100000010000000000000000310003000000003000000001000000001000001
1000001000000000000002222200010010000100000010000000000000000010000000000000000000001000000001000001
1000001000000000000000000000010010000100000010000000030000010010000000000000000000031000000001002201
1000001000000000000030000000010010000100003010000000000000010010000000000000000000001000000001002231
1000001022000000010000000000010010020100000011111111111111110010000000000000000000001000000001002201
1000001022000000010000000000010010320100000000000000000003000010300000000000000000001000000001002201
1030001022030000011111111111110010020100000000000000000000000010000000000222222200001000000001030001
1000001022000000000000000000000010000100000000000003000000000010000003000000000000001111111111000001
1000001000000000000000000000030010000100000000000000000000000010000000000000030000000000000000000001
1000001000000000000000000000000010000100111111111111110000000010000000000000000000000000000000000001
1000001000000000000000300000000010000100100000300000010000000010000000003000000000022200000000000001
1000001301000011111111111000000010030100100000000000000000000010000000000000000000000030000000000001
1000001001000003000000001000000010000100100000000000000000000010000111111111111100000000000000000001
1000001001000000000000001000000010000100100000000000000000000010000100000000000100022200000000300001
1300001001000000000000001000000010000130100000002200030000000010000103000000000100022200000000000001
1000001001000000200222031000300010000100100000002200000000003010000000000000300100000000000000000001
1000001001000000200222001000000010000100100000002200010220000010222222200000000100022000000000002001
1000001001030000000222001000000010000100100000002200010220000010000000000000000100022000003000002301
1000001001000000200222001000000010000100100000002200010220000010000000000000000100000000000000002001
1000001001000000000222001000000010000100100000000000010220000010000000002222200100000000000000002001
1000001001000000000000001000000010003100100000000000010220000010030100000000000100000300000000002001
1000001001000000000000001030000010000100100000300000010220000010000100022220000102200000000000000001
1300001001111111111111111000000010000100111111111111110220000010000100022220003102200000000000000001
1000001000000000300000000000000010000100000000000000000000000010000100022220000102200000000000030001
1000001000030000000000000000000010000103000000000000000000000010000100300000000102200000000000000001
1000001111111111111111100001111110000111111111111111100003111110000111111111111102200000000000000001
1000000000000000000000000000000000000000000000000000000000000000000000000000000000000000000000000001
1000000000000000000300000000000000000000000000000030000000000000000000000000000030000000000000000001
1000000000000000000000000000000000000000000000000000000000000000003000000000000000000000000000000001
1000000000000000000000000000000000000000000000000000000000000000000000000000300000000000000000000001
1003000000000300000000000003000000300000000030000000000000000000000000000000000000000000300000000031
1111111111111111111111111111111111111111111111111111111111111111111111111111111111114444411111111111
