1111111111111111111111111111111111111111111111111111111111111111111111111111111111111111111111111111
1000300000000003000000000000300000030000000000000000000000300000000000000000000000000000000000000001
1000000000000000000003000000000000000000000000000000000000000000003000022000000003000000000000000001
1000000000000000000000000000000000000000000000003000000000000000000000022000000000000000003000000001
1000000000000000000000000000000000000000030000000000000000000000000000022000000000000000000000000001
1000002200000000000000000000000000000000000000000000000000000000000000022030000000000000000000000001
1000002200011111111111111111000010030111000011111111111111111110000000000000000000000000000002202201
1000002200010000000000000000000010000100000000000000000000000010000000000000000000022003000002202201
1300000030010000300000030000000010000100000000000000030002220010000000000000000000022000000002203001
1000000000010000000000000000000010000100111111111111111102220010000000000000000000022000000000000001
1000000000010000000000000000003010000100100030000000000102220010000000000000000000022000000000000004
1000000000010000022022002000000010000100100000000000000102220010030000000003000000000000000002222004
1000000000010000022022002000000010000100000000002222200102220010000000000000000000000000000032222004
1000000000010000030022002000000010000100000000002222200100000010000000000000000000000000000200000004
1000000000010000000000002000000010000100000000002222200100003010000022220000000000030000000200000034
1000000000310000000000000000000010000100030000000000000102200010000022220000000000000000000200000001
1030000000010222000000000000000010000100102000000000000102200010000000000000000000000000003200000001
1000000000010222000000000300000010000100102000002203000102200010000000000000000000000000000200000001
1000000000010000000000000000000010003100102000002200000100000010003000000000000030000000000000000001
1000000000010003000000000000000010000100100000002200220102200010000000003000000000000000000000000001
1000000000010000002200000000000010000100100000000000220102200010000000002222000000000000000000000031
1000000000010000002200000000000010000100100000000000220100300010000000002222000000111111111111000001
1000000000010000000000000000030010000100100000000000000100000010000000000000000000100000000001000001
1000000000010000002200200000000010000100100000000000000100000013000000000000000030100000300001000001
1000000300010000002200200000000010300100100000000000000100000010000000002200000000100000000001000001
1020000000010000002200200000000010000100100300000030000100000010000000000000000000100000000001000001
1020000000010003000000200000000010000100100000000000000100000010000000002203000000100000000001000001
1020000000010000000000000030000010000100111111111111111100000010000000002200000000100030000001000031
1020000000011111111111000011111110000100000000000000000003000010000000000000000000100000000001000001
1020000000000000000000000000000000000100000000000000000000000013000111111111110000100000000001000001
1000000000000000000000002222200003000100000000000000000000000010000100000000010030100000000001000001
1000030020000000000000000000000000000100030000030000000000000010000100003000010000100000000001000001
1000000020000000000000000000000000000100000001111111100001110010000100000000010000100000300001030001
1000000020000000003001111100001110000100000001000000000000010010000100000000010000100000000001000001
1000000000000000220001000000000010000100000001000000003000010010000100000000010200100002200001000001
1000000000000000220001000000003010030100000001000000000000010010000100000000010200100002200001000001
1000000000000000220001000000000010000100000001000000000000013010000100000030010200100002200001000001
1000003000030000220001000000000010000100000001000222220000010010000100000000010000100002200001030001
1000000222220000000001000030000010000100000001003222220000010010000130000000010000100032200000000001
1030000000000000000001000000000010000100000001000000000000010010000100000020010003100000000300000001
1000000000000000000001000000000010000100000001000000000000010010000100000020010000100000000000000001
1000000220200002220001000000000010000100000001000000000000010010000100000020010000100000000000000001
1000000220000002220001000000000010000100300001000000000030010010030100000320010000100000000000000001
1000000220000003000001300000003010000100000001000000000000010010000100000020010000100000000001000031
1000000000000000000001000000000010000100000001000000000000010010000100000000010000100000000001300001
1000030000000000000001000000000010000100000001000000000000010310000100000000010000100000000001000001
1022200222200000000001000000000010000100000001000000000300010010000100000000010000100000000001000001
1022200222200000000001000000000010000100000031000300000000010010000100000003010000100000000001000001
1000000000000000000301000000000010000100000001000000000000010010000100000000010000100000000001000001
1022000000030000000001000000000010000100000001000002220000010010030100000000010000100003000001003001
1022000002222222000001000000000010000130000001000002220300010010000100000000010000100000000001000001
1000000002222222000001000000000310000100000001000000000000010010000100000000010003100000000001000001
1000000000000000000001030000000010220100000001000000000000010010000000000000010000100000000001000001
1000000000000000000001000000000010220100000001111111111001110010000000000000010000100000000001000001
1030000000000000000001000000000010220100000000000000000000000310003000030000010000100000000001000001
1000000000000000000001000000000010220100000030000000300000000010000000000000010000100000000001000031
1000000000000000000001111000111110220111111111111111111000011110000111111111110000111111111111000001
1002000000300000000000000000000000000000000000000000000000000000000000000000000000300000000003000001
1002000000000000003000000000000000003000000000000000000000000000000000000000000000000000000000000001
1000000000000000000000000000003000200000000000000000000030000000000030000000000000000000000000000001
1000000000000300000000000300000000200000000000000000000000000000000222220000000000000000000000000001
1002201111111000000111111111111110000111111111111111111000001110000222220022220000001100300111000001
1002201000000000000000000000000010220100000030000000000000000010000000000000000000001000000001000001
1002201000000000000000000000000010220100000000000000000000000010000000000000030000001000000001000301
1002201000000000011111111111110010030100000011111111111111110010000220220000000000031000000001000001
1000301000000000010003000000310010000100000010000000000000010010000220220000000000001000000301000001
1000001000000000010000000000010010000100000010003000000000003010000220000000000000001000000001000001
1000001000000000000002222200010010000100000010000000000000000010000030000222000000001000000001000001
1000001000300000000002222200010010000100000010000000000000000010000000000000000000001000000001000001
1000001000000000000002222200010010000100000010000000000000000010000000000000030000001000000001000001
1000001000000000000000000000010010030100000010000000000000010010000000000000000000001000030001002201
1000001000000300000000003000010010000100000010000000000000010010000000000000000000001000000001002201
1000001022000000010000000000013010020100003011111111111111110010000000000000000000001000000001002201
1003001022000000013000000000010010020100000000000000000000000010003000000000000000001000000001002201
1000001022000000011111111111110010020100000000000003000000000010000000000222222200001000000001300001
1000001022000000000000000000000010000100000000000000000000000010000000000300000000001111111111000001
1000001000000000000000000000000010000100000000000000000000000010000000000000000300000000000000000001
1000001000000000000000000000000010000100111111111111110000000010300000000000000000000000000000000001
1300001000000000000000000000000013000100100000000000013000000010000000000000000000022200000000000001
1000001001000011111111111000000010000100100000000000000000000010000000300000000000000000003000000301
1000001301000000000030001000000010000100100000000000000000003010000111111111111100000000000000000001
1000001001003000000000001030000010000103100000000000000000000010000100000000000100022200000000000001
1000001001000000000000001000000010000100100000002200000000000010000100000000000100322200000000000001
1030001001000000200222001000000310000100100000002200300000000010000000000000000100000000000000000001
1000001001000000200222001000000010000100100003002200010220000010222222230000000100022000000000002001
1000001001000000000222001000000010000100100000002200010220000010000000000000003100022000000000002001
1000001001000000230222001000000010030100100000002200010220000010300000000000000100000000000000002001
1000001001000000000222001000300010000100100000000000010220000010000000002222200100000000000000002301
1000001001000000000000001000000010000100100000000000010223000010000100000000000100003000003000002001
1000001001000000000000001000000010000100100000000000010220000010000100022223000102200000000000000001
1000001031111111111111111000000010000100111111111111110220000010000130022220000102200000000000000001
1000001000000000000000000000000010000100000000000000000000000010000100022220000102200000000000000001
1000001000000000000000000000000010000100000300000000000000000010000100000000000102200000000000000001
1030001111111111111111100031111110000111111111111111100000111110000111111111111102200000000000000001
1000000000000000000000000000000000000000000000000000003000030000000000000000000000300000000000030001
1000000000000000000000000000000300000000000000000300000000000000000000000000000000000000000000000001
1000000000300003000000000000000000000000000000000000000000000000000000000000000000000000000000000001
1000000000000000000000000000000000003000030000000000000000000000000003000000300000000000000000000001
1000030000000000000000000300000000000000000000000000000000000000000000000000000000000000000300000001
1111111111111111111111111111111111111111111111111111111111111111111111111111111111114444411111111111
